9024483 32.39
10614707 35.04
11498298 42.21
11920678 37.96
9396095 30.01
9008270 34.47
7671562 30.12
6681414 40.13
9335570 37.67
11953581 36.93
11775511 47.27
8870432 44.85
10857953 32.96
10922821 33.15
11177727 31.83
10018239 31.21
10910541 30.27
9605294 30.44
10018973 32.85
11653073 37.26
10964584 31.18
11180468 50.71
5339823 41.05
11289335 35.94
11674666 32.46
9591097 34.65
10747862 30.79
11819363 49.97
11247049 34.2
11027005 52.69
10554179 31.78
11037290 42.46
10016093 31.24
11128910 36.71
11969378 38.1
9945290 37.56
6768355 37.25
9713083 41.7
11754056 33.91
9143868 35.96
11496569 66.35
6762612 40.14
9635388 39.84
8607581 35.83
10879372 35.11
11720493 34.04
10907410 78.6
9351186 33.73
6593240 32.16
11289990 36.4
9451999 34.11
11245339 41.9
8547469 30.08
6678428 34.56
5512777 30.93
7186274 32.41
9966823 32.71
8964218 31.33
10159217 54.36
11444313 33.34
8543200 40.75
9396363 42.71
10604460 30.28
10145279 30.44
8693004 34.19
11235816 33.93
6679278 34.89
9839918 47.44
9579328 33.45
9718024 33.76
8759746 45.98
9350701 58.37
6594505 35.51
10718491 48.88