224297601
224319473
224332620
224365014
224389484
224409672
224426643
224439742
248368905
224305947
224319597
224336179
224367988
224392069
224410960
224427407
224440447
248368906
224308209
224319871
224340256
224369616
224392324
224412309
224428514
224444697
248368907
224308921
224320688
224341656
224379078
224393028
224413935
224430588
224444934
248368908
224311432
224321303
224343392
224379847
224394253
224415423
224430834
224446184
248368909
224312151
224321306
224345928
224379865
224394353
224417043
224431765
224450496
248368910
224313065La
224321494
224351290
224380202
224396425
224417127
224432562
224450714
248368911
224314197
224322753
224352275
224380390
224399118
224418655
224433249
224451295
248368912
224314265
224326168
224352677
224381393
224400629
224419164
224433745
224453162
248368913
224314764
224327080
224353581
224382041
224400745
224419990
224436629
224457138
248368914
224316080
224327278
224356395
224386438
224402329
224420233
224436688
224460976
248368915
224316091
224328040
224359310
224386961
224403700
224420667
224437099
224461008
224316568
224328571
224359694
224387008
224407235
224420797
22443817
224463623
224317352
224330659
224362997
224387244
224407525
224422316
224439122
224467724
224317366
224330915
224364733
224389138
224408806
224424757
224439430
224493585