224290871
224297601
224305947
224308209
224308921
224311070
224311432
224311447
224312151
224313065
224314197
224314265
224314764
224316080
224316091
224316568
224317352
224317366
224319473
224319597
224319871
224320688
224321029
224321303
224321306
224321494
224321735
224322753
224324884
224326168
224326526
224326666
224327080
224327278
224327883
224328040
224328163
224328215
224328571
224328987
224329227
224330659
224330915
224332620
224332703
224334564
224334929
224335505
224336179
224337311
224337699
224337991
224338159
224338336
224338655
224339703
224339837
224340256
224341538
224341656
224342790
224342934
224343457
224345473
224345706
224345916
224345928
224346967
224348598
224348864
224349609
224349642
224349697
224350291
224350794
224351043
224351290
224351738
224352119
224352275
224352442
224352461
224352677
224353194
224353581
224353828
224354500
224354675
224354703
224355150
224355271
224355341
224355643
224355728
224356395
224356848
224356938
224357291
224357532
224357842
224357960
224358060
224358643
224359273
224359310
224359324
224359694
224359920
224360370
224360524
224361254
224361948
224362195
224362632
224362715
224362997
224363391
224363457
224363737
224363908
224364219
224364733
224365014
224365098
224365677
224366004
224366057
224366417
224366753
224366764
224366977
224367284
224367550
224367988
224368354
224368871
224368888
224369030
224369041
224369549
224369616
224369655
224370300
224370333
224371063
224371161
224371511
224371970
224372613
224373010
224373436
224374036
224374148
224374896
224375291
224375369
224375530
224375853
224375986
224376848
224377065
224377281
224377511
224377544
224377629
224377862
224377962
224377981
224378426
224378697
224379078
224379624
224379726
224379847
224379865
224380202
224380390
224380824
224380996
224381393
224381689
224381959
224382041
224382910
224383786
224383962
224384359
224384914
224384916
224385053
224385880
224386438
224386961
224387008
224387244
224387583
224388173
224388823
224389138
224389484
224389596
224390009
224390040
224390120
224390140
224390187
224390541
224391100
224391538
224392069
224392324
224392506
224393028
224393601
224393909
224394172
224394253
224394343
224394353
224394366
224394543
224396425
224396741
224396823
224398068
224398860
224399118
224400433
224400629
224400729
224400745
224402329
224402769
224403700
224407235
224407525
224408806
224409162
224409672
224410321
224410960
224412309
224412458
224413935
224415423
224417043
224417127
224418655
224419164
224419741
224419990
224420233
224420667
224420797
224422316
224424757
224426643
224427407
224428514
224430588
224430834
224431765
224432562
224433249
224433745
224436629
224436688
224437099
224438171
224439122
224439430
224439742
224440447
224444697
224444934
224446184
224450496
224450714
224451295
224451806
224453162
224457138
224460976
224461008
224463623
224467724
224493585
248368905
248368906
248368907
248368908
248368909
248368910
248368911
248368912
248368913
248368914
248368915
