id mag nu_max delta_nu T_eff
1435467    8.88  1407   70.4  6326
2837475    8.48  1558   75.7  6614
3427720    9.11  2737  120.1  6045
3456181    9.66   970   52.3  6384
3632418    8.22  1167   60.7  6193
3656476    9.52  1925   93.2  5668
3735871    9.71  2863  123.0  6107
4914923    9.46  1817   88.5  5805
5184732    8.16  2089   95.5  5846
5773345    9.16  1101   57.3  6130
5950854   10.96  1927   96.6  5853
6106415    7.18  2249  104.1  6037
6116048    8.42  2127  100.8  6033
6225718    7.50  2364  105.7  6313
6508366    8.97   958   51.6  6331
6603624    9.09  2384  110.1  5674
6679371    8.73   942   50.6  6479
6933899    9.62  1390   72.1  5832
7103006    8.86  1168   59.7  6344
7106245   10.79  2398  111.4  6068
7206837    9.77  1653   79.1  6305
7296438   10.09  1848   88.7  5775
7510397    7.77  1189   62.2  6171
7680114   10.07  1709   85.1  5811
7771282   10.77  1465   72.5  6248
7871531    9.25  3456  151.3  5501
7940546    7.40  1117   58.8  6235
7970740    7.78  4197  173.5  5309
8006161    7.36  3575  149.4  5488
8150065   10.74  1877   89.3  6173
8179536    9.46  2075   95.1  6343
8228742    9.37  1190   62.1  6122
8379927    6.96  2795  120.3  6067
8394589    9.52  2397  109.5  6143
8424992   10.32  2534  120.6  5719
8694723    8.88  1471   75.1  6246
8760414    9.62  2455  117.2  5873
8938364   10.11  1675   85.7  5677
9025370    8.85  2989  132.6  5270
9098294    9.76  2315  108.9  5852
9139151    9.18  2690  117.3  6302
9139163    8.33  1730   81.2  6400
9206432    9.08  1866   84.9  6538
9353712   10.84   934   51.5  6278
9410862   10.71  2279  107.4  6047
9414417    9.58  1155   60.1  6253
9812850    9.47  1255   64.7  6321
9955598    9.44  3617  153.3  5457
9965715    9.34  2079   97.2  5860
10068307   8.18   995   53.9  6132
10079226  10.07  2653  116.3  5949
10162436   8.61  1052   55.7  6146
10454113   8.62  2357  105.1  6177
10516096   9.46  1690   84.4  5964
10644253   9.16  2900  123.1  6045
10730618  10.45  1282   66.3  6150
10963065   8.77  2204  103.2  6140
11081729   9.03  1968   90.1  6548
11253226   8.44  1591   76.9  6642
11772920   9.66  3675  157.7  5180
12009504   9.32  1866   88.2  6179
12069127  10.70   885   48.4  6276
12069424   5.86  2188  103.3  5825
12069449   6.09  2561  116.9  5750
12258514   8.08  1513   74.8  5964
12317678   8.74  1212   63.5  6580