10907196 44.12 0.96 4.67 0.13
10962775 35.12 0.86 4.11 0.09
11231549 30.25 0.69 3.40 0.08
11284760 34.53 0.89 4.10 0.08
11072470 32.66 1.31 3.93 0.09
11232325 60.45 1.49 5.92 0.13
11339000 38.26 0.88 4.28 0.09
11391750 85.77 1.96 7.95 0.19
11126673 55.79 2.70 5.65 0.11
11018710 53.34 1.12 5.39 0.13
11180468 50.71 1.16 5.03 0.10
11180994 68.85 2.01 6.51 0.13
11287679 45.53 0.96 4.79 0.15
11234625 34.41 0.73 4.17 0.08
11287896 33.95 0.84 4.05 0.10
11235672 73.61 1.57 5.93 0.14
11181828 33.49 0.72 4.13 0.09
11181891 33.87 1.46 4.11 0.09
11128910 36.71 0.80 4.20 0.12
11182706 38.90 1.04 4.42 0.10
11342308 65.39 1.60 6.53 0.13
11289335 35.94 0.82 4.17 0.09
11342694 75.50 1.62 7.07 0.15
11235816 33.93 1.64 4.15 0.10
11129480 42.59 1.85 4.67 0.10
11129945 51.03 1.51 4.91 0.12
11289990 36.40 0.91 4.14 0.10
11289822 72.40 1.70 6.75 0.13
11289759 33.45 1.93 3.86 0.11
11395816 32.75 0.78 4.05 0.08
11342804 62.55 1.93 6.20 0.13
10651578 32.78 0.82 4.12 0.11
10847321 68.59 2.39 6.51 0.13
10907410 78.60 1.76 6.99 0.14
11018922 33.47 0.76 4.13 0.10
10848618 33.23 0.87 4.05 0.12
10964584 31.18 0.77 4.05 0.09
10586902 45.16 2.68 5.07 0.11
10587122 37.36 0.80 4.33 0.09
10522084 45.76 1.28 4.72 0.10
10652469 50.26 1.12 5.40 0.12
10718491 48.88 1.12 4.93 0.11
10653200 39.57 1.34 4.33 0.08
10653383 41.36 1.17 4.42 0.10
10587702 45.08 1.66 4.89 0.10
11074543 56.87 1.25 5.95 0.13
11019954 34.64 0.79 4.18 0.11
10910541 30.27 0.81 3.87 0.12
11075908 37.93 1.42 4.33 0.08
10910674 36.02 1.43 4.05 0.08
11654305 51.88 1.10 5.29 0.11
11394905 39.08 0.93 4.33 0.11
11395438 34.04 1.21 4.13 0.11
11498298 42.21 1.07 4.49 0.09
11704163 46.13 1.00 4.76 0.10
11234897 61.32 2.99 5.15 0.09
11287936 51.37 1.16 5.32 0.10
11446151 33.16 1.55 4.26 0.17
11653073 37.26 0.75 4.26 0.09
11601529 33.27 1.35 3.67 0.08
11498101 37.76 0.89 4.12 0.10
11498043 33.65 1.28 4.00 0.18
11601378 36.18 1.26 4.29 0.08
11497421 30.56 1.51 3.71 0.17
11702195 50.86 1.21 5.59 0.13
11600208 30.68 1.33 4.13 0.09
11496569 66.35 1.48 6.16 0.14
11444313 33.34 0.85 4.01 0.09
11649294 33.96 1.39 4.14 0.09
11598312 46.68 1.14 4.85 0.12
11494312 37.99 1.18 4.27 0.10
11441797 56.59 1.37 5.81 0.12
11494169 40.23 1.00 4.25 0.11
11177727 31.83 0.74 3.74 0.09
11337714 38.84 1.49 4.14 0.11
11230630 30.05 0.85 3.90 0.12
11955410 33.30 0.75 4.07 0.09
11905997 65.37 2.02 6.52 0.14
11805460 37.08 1.01 4.21 0.08
11805792 35.09 0.81 4.14 0.09
11855110 37.74 0.89 4.34 0.09
11754056 33.91 0.89 4.21 0.11
11703230 33.16 1.11 4.03 0.09
11753722 47.35 0.93 5.25 0.12
12101990 30.36 0.69 4.01 0.10
11905393 32.83 0.97 4.09 0.11
11854450 30.76 0.95 4.12 0.10
11904929 44.50 1.37 4.64 0.12
11954278 36.91 0.98 4.15 0.09
11905159 50.41 1.09 5.27 0.12
11953849 35.65 1.19 4.20 0.09
12003742 61.84 2.19 5.38 0.11
11753211 35.72 1.11 4.11 0.10
11753439 54.45 1.62 5.57 0.15
11752396 36.55 1.89 3.97 0.10
11752358 63.38 1.56 6.54 0.14
12003253 31.87 1.02 3.85 0.08
11953581 36.93 2.18 4.19 0.08
11853719 32.59 1.22 4.03 0.09
11802037 30.06 0.71 3.93 0.10
11752118 37.79 1.06 4.34 0.09
11650219 31.84 0.92 3.96 0.11
11250139 38.75 1.30 4.56 0.09
11355933 39.86 1.02 4.27 0.11
11563791 41.82 0.81 4.95 0.11
11615224 30.46 1.53 4.02 0.09
11615498 66.98 2.72 6.03 0.15
11512096 31.58 0.77 4.08 0.10
11564307 36.15 1.67 4.02 0.10
11668246 39.30 1.84 4.27 0.09
11668036 41.51 1.13 4.43 0.12
11667928 30.77 0.74 3.78 0.15
11667799 50.33 1.25 4.75 0.09
11409529 36.41 1.26 4.11 0.10
11461138 33.17 0.75 3.94 0.07
11617622 32.13 0.83 3.87 0.09
11618522 58.12 1.23 5.44 0.11
11617501 42.83 1.07 4.70 0.10
11514322 60.46 1.39 5.70 0.12
11410549 36.86 1.36 4.13 0.09
11357686 55.69 1.39 5.84 0.15
11463411 51.71 1.46 4.54 0.09
11462972 42.92 1.34 4.55 0.10
11463450 38.68 1.17 4.14 0.08
11669622 35.02 2.26 4.01 0.10
11720493 34.04 0.77 4.01 0.10
11567572 57.10 3.25 5.42 0.15
11568605 48.77 1.08 4.83 0.10
11567563 43.71 2.09 4.37 0.12
11412190 32.44 0.70 4.20 0.10
11518492 52.61 1.10 5.32 0.11
11413158 56.95 1.66 4.97 0.09
11465784 34.73 0.75 4.22 0.08
11569659 31.69 1.75 4.08 0.09
11362947 72.91 1.77 6.35 0.13
11415370 38.66 0.95 4.40 0.10
11519450 71.05 1.62 6.80 0.13
11623012 36.17 1.13 4.27 0.09
11621486 36.21 0.99 4.12 0.11
11623195 37.25 2.02 4.22 0.10
11622144 41.00 1.16 4.27 0.10
11521155 40.66 1.01 4.52 0.11
 2436688 77.19 3.79 6.17 0.63
11572172 31.82 0.96 3.94 0.08
11521197 67.85 1.54 6.13 0.12
11468340 41.81 1.27 4.71 0.15
11674666 32.46 0.93 4.02 0.10
11673900 43.00 0.87 4.56 0.11
11674692 84.45 1.74 6.97 0.14
11775398 33.26 1.48 4.16 0.10
11775511 47.27 1.05 5.21 0.11
11090395 37.42 2.16 4.20 0.09
11037290 42.46 1.18 4.41 0.08
11250341 50.19 2.18 5.12 0.10
11252233 31.49 0.72 3.73 0.08
11357931 36.16 0.84 4.14 0.09
11197457 39.71 1.00 4.46 0.10
11145563 30.30 0.90 3.85 0.10
11146230 32.23 2.18 4.40 0.09
11146152 32.00 0.74 3.56 0.07
11145672 60.27 1.49 5.55 0.13
11359175 35.32 1.34 4.18 0.08
11358755 37.03 0.77 3.99 0.09
11358607 34.18 0.88 4.13 0.11
11146647 30.52 0.82 3.36 0.08
11199105 32.02 1.67 3.76 0.09
11199783 45.14 1.03 4.68 0.13
11252706 41.73 0.83 4.51 0.08
11360886 44.98 1.19 4.19 0.08
11413138 46.02 1.44 4.60 0.12
11200573 33.66 1.07 4.04 0.11
11307599 35.58 1.20 4.17 0.18
11308784 61.58 1.17 6.12 0.13
11308660 36.86 0.85 4.28 0.09
11414700 37.72 0.94 4.22 0.09
12121377 43.21 1.12 4.49 0.11
12122151 51.07 1.28 5.06 0.10
12121656 37.97 1.09 4.25 0.10
11775041 34.22 2.16 4.13 0.08
11974612 40.16 1.00 4.64 0.12
11825166 50.31 1.16 5.29 0.10
11824976 37.10 0.92 4.08 0.10
11774110 35.37 1.16 4.00 0.09
12120327 34.28 0.70 4.02 0.11
11823838 42.11 1.14 4.47 0.09
11670968 45.17 0.98 5.02 0.11
12021906 41.38 0.91 4.55 0.10
11971940 47.39 1.67 4.69 0.12
11873200 37.41 0.95 4.05 0.08
11871882 36.46 1.42 4.30 0.10
11721374 59.96 1.27 5.92 0.12
11871718 31.99 1.26 3.95 0.09
11970987 43.25 1.54 4.66 0.11
11821439 47.82 1.09 4.78 0.11
11870991 30.63 0.90 4.04 0.10
11819760 30.52 1.49 3.63 0.07
11920678 37.96 1.08 4.14 0.09
11820688 38.97 1.14 4.18 0.09
11769563 84.35 1.93 7.78 0.15
11869095 55.95 1.44 5.33 0.11
11969378 38.10 1.02 4.33 0.09
11868264 34.70 1.79 3.33 0.60
11666557 31.09 1.01 3.61 0.14
11819363 49.97 1.74 5.31 0.10
11769182 43.57 0.98 4.58 0.11
11768570 35.25 1.34 4.18 0.09
11966805 40.03 1.04 4.38 0.11
12114999 40.00 1.03 4.35 0.08
11918016 34.50 1.52 4.14 0.09
11868246 33.65 0.88 3.70 0.09
11817405 33.40 0.67 3.76 0.09
11767058 54.55 1.16 5.34 0.10
11665692 67.79 2.34 5.95 0.13
11614827 35.21 1.19 4.28 0.11
12418515 35.70 1.03 4.06 0.10
12316494 31.55 2.12 3.76 0.08
12367827 39.14 1.15 4.22 0.08
12418339 35.93 0.81 4.18 0.09
12169845 30.43 1.11 3.27 0.08
12120230 50.80 1.37 5.31 0.11
12217154 47.35 1.13 4.65 0.09
12168406 45.33 1.02 4.73 0.11
12366537 47.23 1.11 4.73 0.11
12070114 39.27 1.25 4.25 0.08
12070650 40.08 1.07 4.43 0.10
12266056 42.21 1.17 4.67 0.13
12215647 49.26 1.26 4.95 0.10
12118044 64.60 1.42 5.94 0.12
12117920 36.40 1.80 4.01 0.18
12164879 53.08 2.66 4.75 0.08
12116393 61.09 1.36 6.24 0.14
12067001 42.61 1.33 4.53 0.09
10662618 31.55 0.92 3.93 0.08
10793771 78.09 1.93 6.64 0.18
10728179 37.45 0.81 4.25 0.09
10858675 87.50 2.10 8.07 0.16
10858520 33.87 0.73 3.78 0.10
10973854 31.07 0.70 3.55 0.08
10972858 30.75 0.73 3.73 0.13
10598558 42.85 1.14 4.51 0.12
10597648 34.86 0.78 3.93 0.09
10533369 40.78 1.85 4.27 0.09
11029151 36.54 0.93 4.23 0.10
11028575 36.98 2.32 4.27 0.09
11028372 39.48 0.94 4.54 0.11
10918731 45.86 0.95 4.60 0.09
10974984 33.37 0.83 3.82 0.08
10796378 41.50 0.96 4.70 0.12
10859779 79.36 3.63 7.26 0.15
10859941 30.64 0.79 3.96 0.09
10977040 51.72 1.44 5.06 0.10
10667966 31.62 0.95 4.05 0.10
10799530 36.90 0.71 4.30 0.10
10667886 35.70 1.47 4.15 0.09
10733897 46.14 1.06 4.98 0.10
10734241 35.07 1.35 4.22 0.11
10604255 30.66 0.99 3.65 0.15
10669123 36.07 1.07 4.26 0.09
10864711 45.26 1.02 4.84 0.11
10979258 37.44 0.92 4.21 0.09
10978857 37.22 0.92 4.13 0.09
10604460 30.28 0.90 3.79 0.08
10670445 30.75 0.74 3.56 0.08
10736390 67.66 4.66 5.78 0.11
10735926 35.82 1.06 4.26 0.09
10866694 31.90 0.87 3.88 0.11
10802837 57.33 1.21 5.47 0.10
10979742 73.39 3.39 6.72 0.12
11033302 36.28 1.75 4.21 0.11
10206307 31.85 0.76 4.06 0.09
10073828 30.44 1.19 3.76 0.08
10402819 54.24 1.47 5.28 0.10
10467570 33.14 1.37 4.04 0.09
10402207 46.77 1.06 5.24 0.11
10272641 89.01 1.89 8.09 0.22
10207321 64.56 1.37 6.66 0.14
10207059 84.67 2.96 7.38 0.13
10469976 51.16 1.34 4.84 0.11
10599712 38.29 0.91 4.10 0.10
10273236 34.78 0.64 3.78 0.10
10534891 53.14 1.36 5.04 0.13
10666932 36.59 0.98 3.93 0.09
10600926 30.04 1.48 4.04 0.16
10602976 36.21 0.79 4.06 0.14
10602374 37.64 0.91 4.13 0.09
10537376 33.48 1.33 4.10 0.09
10603170 41.46 1.07 4.38 0.10
10604054 59.79 3.25 6.02 0.16
11404925 32.93 1.49 4.06 0.09
11247049 34.20 1.03 3.87 0.09
10922821 33.15 1.34 4.04 0.10
10922840 75.63 1.80 7.01 0.14
11351480 35.42 1.00 4.07 0.10
11298714 61.58 1.43 5.88 0.13
11298776 39.61 0.92 4.54 0.10
11298371 35.55 0.83 4.10 0.12
11298561 36.75 0.96 4.31 0.10
11085809 35.90 0.79 4.16 0.11
11191557 70.17 1.73 6.25 0.12
11245339 41.90 1.28 4.72 0.11
11245234 32.81 1.01 4.06 0.09
11245307 33.96 0.85 3.66 0.08
11244855 36.37 0.95 4.25 0.09
11190322 54.54 1.10 5.45 0.12
11083701 31.81 0.89 3.83 0.12
11084022 44.85 1.28 4.64 0.10
11029423 74.38 1.66 7.23 0.15
11083613 89.10 3.83 8.67 0.18
11296211 33.07 0.68 4.04 0.08
11083319 44.44 3.08 4.21 0.08
11136578 87.32 3.32 8.16 0.17
11136139 37.90 1.76 4.28 0.09
11189432 53.41 1.56 5.48 0.11
11242934 31.15 0.70 3.76 0.09
11135168 44.24 1.00 4.68 0.11
11188067 38.13 0.87 4.28 0.08
11135286 37.54 1.19 4.14 0.09
11081838 30.20 1.23 3.75 0.08
11027005 52.69 3.24 6.37 0.78
11027337 33.77 0.86 3.87 0.08
11081517 37.62 1.02 4.04 0.13
11293804 34.10 0.83 3.94 0.09
11294409 31.87 0.79 3.92 0.09
11133969 30.54 0.89 3.64 0.09
10792949 45.16 2.56 4.59 0.10
10857953 32.96 1.23 4.02 0.09
10971893 35.72 0.79 4.18 0.10
10972288 66.01 1.54 6.33 0.13
11612171 36.47 1.17 3.97 0.11
11612603 84.80 1.84 8.05 0.19
11663387 34.12 1.24 4.07 0.09
11509207 52.53 1.99 5.59 0.11
11509608 33.94 0.79 4.08 0.09
11509277 45.13 1.81 4.58 0.09
11561379 89.66 1.78 8.52 0.16
11560465 58.85 1.47 6.05 0.14
11508970 34.47 1.51 3.93 0.11
11612200 31.27 0.99 4.12 0.17
11559818 39.67 1.88 3.69 0.07
11403437 34.15 0.69 4.13 0.08
11351140 32.80 1.08 4.07 0.11
11455925 30.54 0.74 4.06 0.13
11403918 72.56 1.75 6.94 0.14
11661782 60.55 1.30 5.76 0.12
11559478 36.26 1.13 4.04 0.08
11455176 36.35 1.29 4.22 0.08
11403129 42.73 1.46 4.15 0.08
11401466 35.83 0.84 4.12 0.10
11506212 37.93 0.92 4.25 0.09
11453627 31.10 0.80 3.96 0.11
11349014 30.42 1.41 3.86 0.16
11295720 53.25 1.40 5.36 0.11
 9760904 30.57 1.05 3.81 0.19
 9700899 33.86 1.23 3.91 0.10
 9821622 63.72 1.49 5.91 0.19
 9821783 35.00 1.02 4.13 0.09
 9456153 33.52 0.71 4.14 0.10
 9579328 33.45 0.72 3.79 0.08
 9882550 36.74 0.90 4.30 0.09
 9762752 36.08 1.55 3.84 0.09
 9641246 36.80 0.81 4.20 0.09
 9579860 54.82 1.06 5.91 0.12
 9640886 34.79 0.78 3.95 0.08
 9518506 48.84 1.33 4.97 0.10
 9641772 35.04 0.85 4.09 0.08
 9641484 36.16 0.82 4.10 0.08
 9580991 61.99 1.58 5.66 0.12
 9763419 33.39 0.93 4.03 0.08
 9702841 39.76 1.49 4.23 0.09
 9581445 61.44 1.36 5.71 0.13
 9704258 52.95 1.17 5.80 0.17
 9764708 31.59 0.74 3.34 0.07
 9704676 40.38 0.94 4.39 0.12
 9705636 33.45 0.67 3.99 0.09
 9705687 74.32 1.69 6.48 0.13
 9704774 35.08 1.39 4.06 0.09
 9886274 42.07 0.95 4.70 0.12
 9645099 30.28 0.74 3.86 0.11
 9583720 55.11 2.17 5.66 0.15
 9887199 36.97 0.91 4.25 0.09
 9766517 47.03 1.24 4.87 0.11
 9887488 33.36 1.71 4.06 0.08
 9145952 33.64 0.78 4.05 0.08
 9079904 42.17 1.23 4.57 0.10
 9332840 40.39 1.17 4.41 0.08
 9333184 32.50 0.99 4.02 0.09
 9456598 40.92 0.83 4.43 0.11
 9396095 30.01 0.68 3.92 0.09
 9146245 55.24 1.41 5.22 0.10
 9080445 39.11 0.93 4.31 0.10
 9080175 47.91 1.05 5.31 0.11
 9080407 44.91 1.72 4.69 0.12
 9396363 42.71 1.24 4.63 0.14
 9012783 37.78 1.71 3.99 0.09
 9147335 49.63 1.27 5.00 0.13
 9335191 33.24 0.90 4.07 0.09
 9520156 31.33 1.21 4.30 0.14
 9397110 39.20 1.33 4.26 0.10
 9336090 32.80 0.83 4.05 0.09
 9335570 37.67 1.34 4.21 0.10
 9582005 30.20 1.44 3.56 0.08
 9521461 56.97 1.22 5.34 0.10
10268744 33.31 1.70 3.75 0.10
10136291 33.86 0.75 4.07 0.09
10071249 32.48 1.10 4.02 0.09
10070717 32.75 1.08 4.05 0.09
 9946074 65.09 1.98 6.56 0.13
10006852 77.41 1.93 6.75 0.12
10005966 30.37 0.95 3.83 0.08
10068810 48.41 0.98 5.32 0.11
10069045 46.92 1.10 4.98 0.10
 9945290 37.56 0.79 4.35 0.08
 9884319 34.42 1.21 4.06 0.15
10331610 31.96 0.84 4.14 0.11
10200093 33.41 1.16 4.05 0.08
10003419 36.15 1.25 4.08 0.10
10067407 34.94 0.97 3.94 0.11
10198761 49.79 1.28 5.19 0.11
10132247 61.78 1.67 6.47 0.13
 9942816 40.23 0.97 4.45 0.10
 9882446 49.53 1.17 4.97 0.10
10065848 30.32 0.70 4.02 0.09
10002647 37.61 0.96 4.26 0.10
10328946 33.03 0.96 4.03 0.09
10328498 43.31 1.01 4.48 0.12
 9941713 47.75 1.21 4.73 0.11
 9881167 32.70 0.93 3.84 0.09
 9942071 35.26 0.87 4.09 0.08
10196797 30.87 0.71 4.04 0.12
10196240 34.66 0.77 4.04 0.10
10128629 38.53 1.81 4.15 0.09
 9941141 88.72 1.68 7.93 0.15
 9820702 61.14 1.78 5.95 0.12
10790301 30.75 0.81 3.78 0.08
10528911 32.02 1.40 3.91 0.10
10659842 74.51 1.49 6.99 0.13
10592335 50.30 1.26 5.00 0.10
10592924 52.60 1.49 5.39 0.11
10657633 45.83 0.98 5.00 0.11
10724027 31.66 0.99 3.93 0.09
10723388 31.24 1.48 3.99 0.10
10724041 33.53 1.05 4.02 0.09
10658326 89.00 1.97 8.08 0.16
10527754 60.05 1.19 5.94 0.12
10527661 31.48 0.82 4.45 0.13
10592249 37.13 0.87 4.17 0.08
10721900 36.77 0.84 3.93 0.10
10461323 84.14 4.03 8.68 1.00
10395638 42.40 2.37 4.45 0.09
10198347 40.10 1.49 4.53 0.09
10395400 31.47 0.85 4.41 0.10
10525475 39.19 1.15 4.29 0.09
10525282 35.48 1.02 4.11 0.12
10459794 45.84 1.05 4.78 0.10
10524715 62.91 1.65 6.27 0.12
10459696 61.05 1.46 5.88 0.13
10394570 34.06 1.17 3.97 0.09
 8479182 33.92 1.00 3.95 0.09
 8414512 33.64 1.20 4.06 0.09
 8543200 40.75 1.14 4.44 0.10
 8607581 35.83 1.26 4.35 0.10
 8673221 36.95 1.11 3.99 0.10
 8737032 42.28 0.90 4.43 0.09
 8802374 31.65 0.72 3.60 0.08
 8479383 32.05 0.78 4.04 0.09
 8868800 33.55 0.75 4.01 0.09
 8803432 31.88 0.70 3.98 0.09
 8738333 60.46 1.34 5.87 0.14
 8480205 49.39 1.32 5.21 0.11
 8479780 40.15 0.88 4.37 0.09
 8544483 54.66 1.34 5.74 0.15
 8739118 34.02 0.99 3.84 0.10
 8738834 31.86 0.93 3.81 0.08
 8870432 44.85 0.81 4.21 0.10
 8675106 72.13 1.80 6.64 0.12
 8870850 34.92 1.00 4.01 0.11
 8804886 34.00 0.90 4.13 0.09
 8611114 34.27 0.97 4.22 0.09
 8740476 36.61 1.06 4.12 0.09
 8805565 34.76 1.98 3.96 0.11
 8805663 49.25 1.20 4.51 0.11
 8611833 38.08 0.93 4.05 0.09
 8676927 42.12 1.31 4.28 0.19
 8612520 41.53 1.23 4.20 0.08
 8676988 38.97 1.29 4.34 0.09
 8872046 64.86 1.32 6.46 0.13
 8872709 38.63 1.97 4.37 0.10
 8872979 77.05 2.00 6.39 0.13
 8612811 33.10 0.86 4.10 0.08
 8677701 30.38 1.02 3.64 0.08
 8741733 38.57 1.31 4.32 0.09
 8873797 30.56 1.16 3.83 0.08
 8677342 51.30 1.11 5.18 0.10
 9009805 49.72 1.05 5.20 0.11
 9077844 47.07 1.10 4.72 0.14
 8941202 34.03 0.81 4.11 0.10
 8081069 34.41 0.89 4.10 0.11
 8081278 33.81 0.73 3.82 0.09
 8217514 31.47 1.31 3.78 0.08
 8348568 33.97 1.39 4.02 0.11
 8283646 66.02 1.44 6.06 0.13
 8081535 42.24 0.94 4.53 0.11
 8415501 31.48 0.79 3.59 0.08
 8350443 31.72 0.78 3.98 0.11
 8350645 54.27 1.15 5.21 0.11
 8283958 37.24 1.47 4.05 0.11
 8284032 38.23 1.10 4.26 0.09
 8082494 32.49 1.27 3.80 0.08
 8545291 55.10 1.15 5.81 0.15
 8219125 63.12 1.67 6.28 0.14
 8219000 42.81 1.00 4.66 0.12
 8151314 34.51 1.19 4.11 0.09
 8482522 32.68 1.45 3.95 0.11
 8547469 30.08 0.86 3.86 0.09
 9330758 38.11 1.04 4.26 0.10
 9269772 57.79 1.28 5.88 0.12
 9270087 36.17 0.83 4.08 0.12
 9143868 35.96 1.48 4.22 0.10
 9008270 34.47 1.22 3.99 0.09
 8940098 34.09 0.73 4.17 0.09
 9269302 36.15 0.75 4.05 0.08
 9392039 36.49 0.75 4.04 0.09
 9007718 35.36 0.76 3.99 0.08
 9268146 30.83 0.82 3.60 0.08
 9075225 55.18 1.17 5.36 0.11
 9329058 41.26 1.19 4.52 0.09
 9329200 74.65 1.49 6.79 0.13
 9327993 34.68 2.09 3.91 0.09
 9139859 72.71 1.74 6.81 0.13
 9265513 48.21 0.96 5.36 0.11
 8936339 44.03 1.07 4.62 0.10
 9003765 59.22 1.22 6.02 0.13
 8936104 30.58 2.03 3.75 0.09
 8936084 31.97 0.88 4.15 0.09
 9264889 82.48 1.60 7.40 0.19
 9326421 68.44 2.26 6.73 0.14
 9072262 37.86 1.10 4.49 0.10
 9002344 43.41 1.21 4.37 0.09
 9071238 51.37 1.17 5.37 0.11
 8671819 30.24 0.65 4.04 0.09
 9515026 40.17 0.84 4.54 0.13
 9453362 35.26 1.97 4.18 0.09
 9392274 43.90 1.20 4.82 0.10
 9513787 30.30 0.71 3.83 0.12
 9575645 46.38 1.42 4.72 0.11
 9637054 43.28 0.91 4.48 0.11
 9818513 32.24 1.12 3.83 0.08
 9818604 30.21 0.63 3.48 0.07
 9574730 48.07 1.57 4.83 0.13
 9451999 34.11 0.91 4.23 0.08
 9635603 32.21 0.65 4.13 0.10
 9697074 33.28 0.75 3.89 0.11
 9328682 47.64 1.08 4.70 0.12
 9635388 39.84 1.34 4.43 0.10
 9634962 34.65 0.86 3.98 0.10
 9511938 48.32 0.99 4.88 0.11
 9449413 54.08 1.31 5.60 0.14
 9902962 75.64 1.66 6.69 0.12
10023439 64.84 1.46 6.47 0.13
10087394 57.71 1.28 5.93 0.13
10286378 32.46 0.96 4.15 0.10
10286616 33.63 1.40 4.00 0.08
10220795 47.37 1.03 4.85 0.11
 9903915 67.36 1.57 5.95 0.12
 9904563 38.63 1.22 4.25 0.08
10155731 35.85 1.20 4.24 0.11
10156597 68.54 3.12 6.65 0.13
10090400 33.21 1.24 3.82 0.10
10290457 31.17 0.69 4.00 0.09
10157507 67.02 1.37 6.60 0.13
10223027 55.72 1.71 5.77 0.15
10224535 37.37 0.94 4.24 0.10
10159217 54.36 1.32 5.36 0.14
10225706 51.43 1.60 4.92 0.14
 9967351 59.62 1.97 5.63 0.13
 9966823 32.71 1.23 4.01 0.09
10161092 44.34 1.90 4.42 0.10
10093930 33.70 1.22 4.02 0.09
10161943 59.65 1.16 6.21 0.12
10095427 57.25 1.21 6.09 0.15
10095409 38.60 1.47 4.14 0.09
10359999 45.27 0.96 4.82 0.14
 9791929 45.53 1.25 4.58 0.11
 9851743 43.72 1.51 4.65 0.09
10228836 55.60 2.65 5.12 0.10
10162765 83.24 3.71 7.76 0.74
10229796 48.44 2.08 4.82 0.12
10426854 38.80 1.13 4.27 0.10
10362043 39.07 0.84 4.50 0.11
10363172 43.02 1.76 4.33 0.20
 9662343 43.70 1.16 4.87 0.22
 9479404 84.76 2.02 6.96 0.13
 9782817 51.89 2.17 5.47 0.12
 9783226 53.60 1.37 5.30 0.10
 9843358 31.67 0.90 4.04 0.10
 9662395 48.77 1.04 4.42 0.10
 9724324 40.65 0.81 4.58 0.09
 9724882 36.88 0.88 4.40 0.12
 9602917 31.66 0.67 3.95 0.09
 9846877 36.80 0.95 4.39 0.13
 9906278 44.55 1.60 4.62 0.11
 9846355 32.00 0.93 3.91 0.12
 9786625 45.84 1.06 4.63 0.10
 9605294 30.44 0.93 3.97 0.12
 9604524 46.70 1.05 4.64 0.10
 9787503 32.48 1.84 3.96 0.09
 9727392 39.26 1.06 4.42 0.09
 9728284 48.33 1.94 4.88 0.11
 9727675 68.43 2.68 6.00 0.12
 9667930 67.75 1.81 6.06 0.14
 9788834 31.59 1.14 3.78 0.09
 9909804 37.26 0.83 4.42 0.14
 9970830 52.00 1.68 5.06 0.13
 9790050 55.72 1.25 5.28 0.10
 9910166 33.65 0.92 3.41 0.08
10817660 48.96 1.55 4.78 0.10
10880958 33.23 1.20 4.10 0.10
10684837 88.09 2.49 7.06 0.12
10554179 31.78 2.71 3.29 0.87
10553844 59.32 2.23 5.76 0.12
10879372 35.11 1.83 3.73 0.11
10683647 36.96 0.98 4.08 0.09
10816214 46.18 0.94 4.79 0.11
10816748 32.16 0.79 3.79 0.10
10226276 60.59 1.39 5.99 0.12
10357764 41.73 1.37 4.48 0.09
10358632 33.30 1.23 4.11 0.10
10552202 38.94 0.84 4.37 0.09
10489073 34.57 0.81 4.07 0.08
10552614 43.94 0.92 4.62 0.10
10618005 31.13 0.79 3.81 0.09
10747862 30.79 0.81 3.71 0.14
10420822 76.15 1.73 6.63 0.12
10355672 36.29 0.96 4.06 0.08
10290315 37.95 1.28 4.28 0.12
10614707 35.04 1.02 4.17 0.08
10485765 63.84 1.38 6.05 0.12
10482750 36.39 0.85 3.86 0.12
10678016 30.93 1.54 3.72 0.09
10546977 42.79 1.37 4.34 0.09
10613112 45.92 0.98 4.59 0.11
10353044 33.43 0.91 4.11 0.09
10352615 62.28 2.71 5.67 0.14
10545152 35.00 2.80 4.54 0.32
10480806 67.76 3.23 6.46 0.12
10285722 50.37 1.27 4.98 0.10
10482001 55.20 1.28 5.04 0.10
10416550 47.81 1.16 5.01 0.11
10086465 40.65 2.00 4.35 0.08
10152909 77.42 1.74 7.47 0.17
10991271 76.81 3.96 6.39 0.11
11045572 63.30 1.38 6.01 0.15
11152823 45.19 1.66 4.44 0.08
11152753 44.04 1.25 4.62 0.11
10992711 34.91 0.87 4.04 0.10
10936814 37.44 0.83 4.28 0.09
10991398 34.00 2.24 4.11 0.09
10991673 40.86 0.96 4.38 0.08
11204531 40.92 1.11 4.21 0.08
11044315 61.30 1.30 5.21 0.12
11152312 33.91 0.87 4.05 0.09
10935853 64.72 2.48 5.92 0.16
10934758 47.90 1.03 4.58 0.16
11043208 52.67 1.19 5.40 0.11
10989210 52.93 2.27 4.72 0.10
10812837 57.66 1.49 5.41 0.10
10873444 56.44 1.73 5.44 0.11
10743515 45.06 1.02 4.53 0.09
10809457 36.64 1.69 4.37 0.09
 9024483 32.39 1.46 3.93 0.08
 8955683 47.16 2.45 4.71 0.44
 9025029 39.68 0.92 4.38 0.10
 9220076 33.60 0.95 4.14 0.15
 9406596 33.50 0.90 3.91 0.11
 9283816 43.02 0.88 4.63 0.11
 9283918 52.03 1.30 4.89 0.11
 9025882 34.59 0.85 4.16 0.11
 9408590 44.47 1.61 4.51 0.11
 9346602 55.58 1.23 5.00 0.11
 9222389 31.11 1.01 3.57 0.07
 9027245 49.31 1.05 5.36 0.12
 9409513 71.17 1.72 6.03 0.14
 9027871 42.91 1.23 4.25 0.10
 9350701 58.37 1.70 5.60 0.12
 9350031 52.57 1.04 5.74 0.12
 9411366 49.59 1.11 5.01 0.10
 9226335 52.44 2.35 4.54 0.08
 9226481 38.86 1.00 4.25 0.09
 9100444 51.76 1.32 5.11 0.10
 9163785 46.47 1.01 4.74 0.12
 9351617 39.54 1.10 4.35 0.08
 9351186 33.73 0.97 3.87 0.13
 9414102 36.41 1.09 3.91 0.08
 9291624 34.77 0.83 4.04 0.08
 9034557 41.99 1.35 4.31 0.09
 9229601 46.00 1.04 4.70 0.09
 9291249 44.72 1.06 4.55 0.10
 9291830 45.98 1.30 4.40 0.09
 9291976 31.41 0.75 3.93 0.08
 9292180 56.12 3.44 5.39 0.11
 9353187 78.91 2.83 6.57 0.16
 8564559 44.31 1.23 4.68 0.09
 8693004 34.19 0.78 3.61 0.09
 8693018 87.78 1.90 7.04 0.18
 8628585 36.37 0.77 4.11 0.08
 8757215 35.30 0.73 4.27 0.10
 8822689 54.79 1.39 5.04 0.09
 8957543 37.65 1.59 4.01 0.11
 8822878 36.51 1.48 4.10 0.09
 8758700 30.89 0.70 3.92 0.08
 8824452 51.25 1.12 5.49 0.15
 8824264 33.70 1.55 4.14 0.10
 8890410 60.82 1.87 5.41 0.10
 8565016 60.96 1.54 6.03 0.16
 9028321 46.33 1.11 4.72 0.11
 8959259 76.82 1.97 6.74 0.14
 8759811 53.30 1.44 5.23 0.12
 8759746 45.98 1.09 4.79 0.10
 8759207 81.23 1.64 7.25 0.17
 9028697 59.24 1.07 5.90 0.12
 8825444 84.32 2.36 6.53 0.11
 9029195 42.41 0.90 4.71 0.14
 8826079 33.01 0.76 4.17 0.12
 8962844 41.43 1.07 4.46 0.10
 8962923 81.21 2.17 6.82 0.13
 8827646 33.24 0.75 3.97 0.09
 8827934 56.76 2.48 5.38 0.10
 8761471 38.61 2.31 4.36 0.10
 8826496 43.88 0.81 4.63 0.11
 9032691 35.31 0.87 4.10 0.10
 8964218 31.33 0.74 3.60 0.07
 9658002 35.34 1.00 4.10 0.09
 9780183 30.49 0.77 3.78 0.08
 9839918 47.44 1.39 5.13 0.31
 9839246 44.27 0.99 4.58 0.11
 9597214 43.27 1.10 4.57 0.11
 9658793 40.50 0.98 4.45 0.10
 9597524 37.96 1.09 4.22 0.08
 9535050 45.30 1.08 4.52 0.09
 9535399 58.26 1.56 5.75 0.11
 9412408 34.58 0.85 4.21 0.09
 9596639 30.49 0.89 3.71 0.08
 9718024 33.76 0.81 4.07 0.10
 9838978 32.99 0.69 4.00 0.09
 9778288 58.34 1.15 5.14 0.09
 9472481 62.31 1.89 5.40 0.14
 9777536 45.42 0.89 4.67 0.09
 9716866 32.05 0.83 3.73 0.09
 9656523 33.75 1.56 4.02 0.10
 9470276 75.26 1.81 7.00 0.14
 9532518 31.13 1.92 3.96 0.09
 9471284 40.49 1.42 4.28 0.09
 9716522 54.10 1.31 4.85 0.10
 9836930 74.41 1.60 5.88 0.10
 9835626 53.91 1.50 5.40 0.11
 9714063 42.31 1.34 4.51 0.10
 9529974 33.35 1.40 4.03 0.10
 9530396 83.08 2.49 6.76 0.12
 9713083 41.70 1.97 4.58 0.10
 9772366 75.00 3.54 6.75 0.14
 9712888 33.09 1.29 4.01 0.09
 9712510 33.40 1.11 3.72 0.08
 9406638 39.39 1.29 4.31 0.09
 9406415 59.28 2.02 5.16 0.10
 9591097 34.65 1.80 4.16 0.13
 9711231 46.93 1.14 5.11 0.11
 9711269 64.05 1.46 6.35 0.13
 9711492 50.76 1.17 5.09 0.11
 9650046 67.83 1.35 6.00 0.11
 9650527 54.70 1.88 5.24 0.11
 9589638 39.35 0.97 4.37 0.11
 9650881 37.12 1.09 4.05 0.08
 9405269 37.84 0.80 4.22 0.08
10282002 30.30 0.95 3.65 0.08
10083480 32.22 1.83 4.00 0.08
 9898999 35.77 0.91 3.95 0.09
 9958522 36.66 0.98 4.09 0.09
10018923 40.84 0.93 4.34 0.09
10018973 32.85 2.04 4.00 0.09
10018239 31.21 1.01 3.95 0.09
10213931 42.04 1.43 4.54 0.11
10280586 31.46 1.15 3.81 0.08
10148026 70.84 2.11 6.33 0.12
10080974 41.46 0.87 4.56 0.14
 9957219 36.00 1.18 4.25 0.08
10212620 48.78 1.20 4.87 0.11
10147072 69.08 3.12 6.13 0.11
 9835790 61.73 1.17 5.74 0.12
 9956345 88.89 2.00 8.06 0.20
10145279 30.44 0.74 3.59 0.07
10016093 31.24 0.67 3.77 0.08
 9893889 30.75 0.84 3.80 0.09
 9833073 31.87 1.05 3.62 0.08
 6762022 40.48 0.97 4.41 0.08
 7184978 34.16 0.93 3.86 0.10
 7102068 55.73 1.55 5.89 0.16
 7266674 31.01 1.13 3.90 0.08
 7429055 60.58 1.58 6.09 0.13
 7347189 41.57 2.22 4.04 0.09
 6762612 40.14 1.38 4.33 0.09
 6933666 34.42 1.80 3.88 0.09
 7186542 41.17 1.05 4.25 0.09
 7103297 38.60 0.99 4.36 0.10
 7186274 32.41 0.98 4.02 0.09
 7267593 47.11 1.23 5.06 0.11
 7103666 34.62 1.42 4.16 0.09
 7187059 54.61 1.14 5.64 0.12
 6935260 42.66 0.97 4.59 0.12
 7020392 31.96 1.39 4.04 0.09
 6850417 36.43 1.19 4.09 0.11
 6850177 45.23 1.01 4.58 0.08
 6936990 39.09 1.26 4.18 0.09
 6851499 51.90 1.27 5.60 0.11
 6938892 31.07 1.02 3.90 0.14
 7108501 51.28 1.35 4.80 0.09
 7108536 30.35 1.66 4.00 0.09
 7108646 30.81 1.73 3.75 0.11
 6854095 31.13 1.08 3.88 0.09
 6768319 53.61 1.09 5.58 0.13
 6854391 61.91 1.75 5.69 0.11
 6768355 37.25 2.57 4.18 0.09
 6768654 50.29 1.59 5.20 0.12
 7109120 60.53 1.74 5.96 0.14
 6940048 32.94 2.32 4.05 0.09
 7025721 37.88 0.90 4.34 0.08
 7191673 32.21 0.92 3.61 0.08
 7273426 30.80 0.76 3.79 0.11
 7273176 30.15 1.49 3.91 0.11
 6271732 32.57 0.68 4.04 0.09
 6428974 41.24 2.01 4.58 0.09
 6591027 53.89 1.21 5.38 0.12
 6590363 31.12 1.01 3.60 0.08
 6508300 34.79 1.07 4.12 0.08
 6676885 35.61 0.85 4.12 0.10
 6508328 37.99 0.86 4.27 0.09
 6508943 34.57 0.71 4.04 0.08
 6676788 30.00 1.32 4.30 0.15
 6192431 35.29 0.79 4.09 0.08
 6273063 31.80 0.71 3.64 0.07
 6764229 60.33 1.48 6.07 0.12
 6849167 35.57 0.99 4.24 0.10
 6677653 71.56 1.55 5.97 0.72
 6764026 81.83 2.24 7.60 0.21
 6592627 45.59 1.23 4.80 0.09
 6678428 34.56 1.07 4.25 0.09
 6678432 55.97 1.29 5.67 0.14
 6593240 32.16 0.86 4.27 0.11
 6509721 32.94 0.74 3.76 0.08
 6593623 37.99 0.83 4.15 0.08
 6679278 34.89 0.95 4.12 0.09
 6595127 34.35 1.25 3.95 0.10
 6680386 31.00 1.34 3.92 0.09
 6594505 35.51 0.91 4.04 0.10
 6853465 85.58 1.80 7.41 0.17
 6681414 40.13 1.03 4.60 0.11
 6681565 73.68 2.26 6.67 0.13
 7672969 30.45 1.05 3.81 0.11
 7744204 52.41 1.22 5.16 0.10
 7435143 62.93 1.32 6.16 0.13
 7518352 75.93 1.69 7.43 0.18
 7352718 35.42 1.45 3.85 0.09
 7189610 35.35 0.88 4.14 0.10
 7190047 30.48 0.73 3.94 0.11
 7596701 44.64 1.17 4.95 0.12
 7516687 35.10 1.08 4.06 0.09
 7597056 35.04 1.52 4.18 0.14
 7597230 39.44 1.52 4.18 0.09
 7188504 30.46 0.77 3.92 0.08
 7270142 52.62 1.48 5.42 0.11
 7672292 52.45 1.16 5.57 0.14
 7671562 30.12 0.69 3.77 0.08
 7743176 30.12 1.27 3.71 0.10
 7515137 68.26 2.09 6.70 0.14
 7431665 50.98 2.05 5.45 0.11
 7593843 34.16 1.59 4.14 0.09
 7430868 52.81 1.55 5.64 0.13
 7348314 84.91 2.23 7.84 0.19
 7667657 43.86 0.97 4.39 0.09
 7428418 35.64 0.96 4.12 0.09
 7592356 31.13 1.00 3.95 0.09
 7346442 48.28 1.03 5.23 0.11
 7346365 51.94 1.05 5.28 0.10
 7265189 85.01 1.78 8.43 0.17
 7591481 35.26 1.14 4.19 0.11
 7510604 33.87 0.76 4.09 0.10
 7591311 36.29 0.91 3.65 0.08
 7265075 31.90 0.72 3.93 0.09
 7345186 34.94 0.84 4.02 0.10
 7264736 68.29 1.30 6.84 0.14
 7017044 31.72 0.70 3.96 0.12
 8088198 36.49 0.91 4.11 0.09
 7950550 61.00 1.54 5.99 0.12
 8088244 30.63 1.63 4.17 0.10
 7949599 34.00 0.84 4.05 0.09
 7949585 40.45 1.18 4.48 0.10
 7949258 34.27 0.89 4.02 0.09
 8154541 39.87 1.05 4.22 0.09
 7594865 30.96 0.89 3.88 0.11
 7670419 30.72 1.58 3.78 0.10
 7670489 35.85 0.93 4.03 0.09
 8288164 30.69 0.69 4.12 0.12
 8154383 65.80 1.34 6.35 0.13
 8086192 74.87 1.93 7.04 0.14
 7948086 42.37 1.22 4.45 0.10
 7809908 35.92 0.87 4.07 0.09
 8016118 83.70 1.95 7.46 0.21
 7808227 32.25 0.69 4.08 0.09
 7807614 31.70 0.76 3.85 0.08
 5339823 41.05 1.27 4.27 0.08
 5426041 50.80 1.16 5.01 0.10
 5597965 54.92 1.68 5.52 0.14
 5597397 45.30 0.94 5.05 0.11
 5855568 36.61 0.81 4.21 0.08
 5770031 34.86 1.12 4.16 0.11
 5512910 39.98 1.33 4.24 0.09
 5427229 43.24 1.17 4.51 0.14
 5512777 30.93 0.90 4.06 0.09
 5341131 63.34 2.47 5.70 0.11
 5770923 80.83 1.54 6.92 0.13
