id T_eff delta_nu delta_nu_err nu_max nu_max_err  mag
4672904 4642 6.05 0.13 57.63 1.26 12.219
4480358 4210 1.52 0.04 8.97 0.46 11.631
4578488 4502 5.32 0.11 47.95 1.00 11.835
4479314 4339 2.25 0.05 19.70 0.55 11.315
4575420 4574 6.02 0.11 64.00 1.72 13.127
4571962 4091 1.12 0.03 7.38 0.28 12.015
4844527 4694 3.84 0.22 30.12 1.99 13.746
4662188 4328 2.15 0.05 15.91 0.53 12.054
4570120 5019 7.27 0.14 88.61 2.45 11.642
4659706 4530 3.70 0.08 36.84 1.63 9.938
4269391 4527 4.09 0.09 37.69 2.23 10.966
4164910 4671 4.35 0.08 38.25 2.25 11.027
5288607 4818 5.71 0.11 61.28 2.57 10.985
5112974 4399 4.34 0.09 40.26 0.96 12.693
5112880 4387 2.78 0.06 26.92 1.02 12.286
5113041 4424 3.97 0.08 37.67 0.96 12.858
5112373 4635 4.65 0.09 44.43 0.98 12.806
5112730 4604 4.56 0.09 44.02 1.00 12.778
5199906 4721 5.87 0.12 71.25 2.00 12.090
5024143 4662 9.61 0.17 119.68 3.41 13.731
5023889 4454 5.34 0.10 54.42 1.26 12.010
5024043 4592 5.60 0.11 55.49 1.17 12.791
5285357 4632 4.05 0.10 32.38 1.94 11.634
5457811 4313 3.54 0.08 31.44 0.68 10.739
5196152 4634 7.32 0.16 79.17 3.39 11.590
4933594 4479 4.09 0.08 34.16 1.40 11.592
5282875 4880 4.69 0.10 45.90 2.30 10.712
5371626 4346 2.50 0.06 20.32 0.68 10.425
5283958 4869 5.11 0.13 54.60 1.24 11.576
4930464 4576 4.54 0.12 43.29 0.90 13.309
9517003 4419 1.35 0.04 8.14 0.57 11.843
9760904 4943 3.81 0.19 30.57 1.05 10.517
9700899 4784 3.91 0.10 33.86 1.23 11.546
9821622 4879 5.91 0.19 63.72 1.49 12.021
9761625 4421 1.40 0.04 9.27 0.23 11.490
9821783 4878 4.13 0.09 35.00 1.02 10.416
9881628 4726 3.90 0.09 28.16 0.98 11.241
9456153 4994 4.14 0.10 33.52 0.71 11.244
9517542 4496 2.70 0.06 20.43 0.61 10.004
9882766 4942 12.97 0.24 167.64 3.94 11.946
9882550 4785 4.30 0.09 36.74 0.90 11.791
9883123 4901 8.21 0.15 93.44 2.36 11.044
9702057 4651 3.55 0.08 27.77 0.90 11.272
9883214 4726 3.77 0.11 28.64 1.53 11.324
9762752 4525 3.84 0.09 36.08 1.55 12.476
9641246 4621 4.20 0.09 36.80 0.81 11.721
9579860 4595 5.91 0.12 54.82 1.06 11.576
9640886 4347 3.95 0.08 34.79 0.78 11.016
9518506 4734 4.97 0.10 48.84 1.33 10.648
9580171 4359 2.88 0.06 22.06 0.57 11.149
9580407 4688 3.99 0.12 29.80 1.27 12.278
9641772 4725 4.09 0.08 35.04 0.85 10.995
9518802 5187 7.18 0.17 92.00 2.72 9.207
9641484 4717 4.10 0.08 36.16 0.82 10.801
9580991 4926 5.66 0.12 61.99 1.58 11.654
9763419 4717 4.03 0.08 33.39 0.93 11.554
9702841 4583 4.23 0.09 39.76 1.49 11.662
9763796 4957 12.32 0.23 145.76 3.20 11.855
9824971 4680 3.14 0.07 22.63 1.20 12.019
9581445 4796 5.71 0.13 61.44 1.36 11.782
9704258 4762 5.80 0.17 52.95 1.17 12.111
9764708 4751 3.34 0.07 31.59 0.74 9.837
9825039 5058 8.44 0.17 101.89 2.99 10.638
9704676 4587 4.39 0.12 40.38 0.94 12.218
9644558 4930 2.97 1.06 28.99 1.39 11.446
9583430 4908 7.75 0.15 99.73 2.46 11.600
9946773 5058 2.79 1.18 29.78 2.04 11.490
9705636 4588 3.99 0.09 33.45 0.67 11.631
9705687 5342 6.48 0.13 74.32 1.69 9.582
9825822 4224 1.09 0.03 6.25 0.48 10.753
9704774 4679 4.06 0.09 35.08 1.39 11.583
9886274 4633 4.70 0.12 42.07 0.95 12.107
9645099 4850 3.86 0.11 30.28 0.74 12.384
9583720 4694 5.66 0.15 55.11 2.17 11.570
9706194 4495 3.26 0.08 26.72 0.81 11.601
9706585 4832 3.99 0.09 29.98 1.49 11.416
9767332 5013 8.60 0.18 113.16 2.67 11.670
9887199 4737 4.25 0.09 36.97 0.91 12.221
9766517 4688 4.87 0.11 47.03 1.24 12.253
9887488 4632 4.06 0.08 33.36 1.71 12.374
9887555 4780 3.90 0.08 28.11 0.90 12.341
9145861 4743 10.74 0.19 133.32 2.63 12.057
9145781 4948 17.58 0.62 242.05 5.93 11.760
9145952 4674 4.05 0.08 33.64 0.78 11.592
9209471 4489 3.34 0.07 25.96 0.71 12.176
9079904 4481 4.57 0.10 42.17 1.23 12.406
9395535 4401 2.89 0.08 22.37 0.57 11.792
9332840 4739 4.41 0.08 40.39 1.17 11.540
9333290 4497 2.93 0.06 23.86 0.63 10.976
9333501 4594 3.45 0.08 27.29 0.68 11.778
9333184 4759 4.02 0.09 32.50 0.99 11.655
9456598 4621 4.43 0.11 40.92 0.83 11.862
9396095 4677 3.92 0.09 30.01 0.68 11.114
9456478 4395 2.54 0.06 20.54 0.63 10.785
9146245 4524 5.22 0.10 55.24 1.41 11.855
9080445 4703 4.31 0.10 39.11 0.93 10.500
9080175 4659 5.31 0.11 47.91 1.05 10.158
9080407 4806 4.69 0.12 44.91 1.72 10.282
9146423 4349 2.36 0.05 18.81 0.55 10.950
9396363 4618 4.63 0.14 42.71 1.24 10.908
9457108 4618 8.23 0.17 91.44 1.75 12.186
9012783 4407 3.99 0.09 37.78 1.71 12.579
9147335 4797 5.00 0.13 49.63 1.27 11.270
9335191 4700 4.07 0.09 33.24 0.90 12.016
9211401 4851 3.38 0.12 28.65 1.28 10.635
9273827 4932 8.64 0.21 111.01 3.27 11.257
9334793 4708 3.75 0.08 28.12 0.76 12.400
9397110 4862 4.26 0.10 39.20 1.33 11.937
9336090 4768 4.05 0.09 32.80 0.83 11.486
9335570 4796 4.21 0.10 37.67 1.34 9.929
9335518 4758 9.08 0.16 101.30 2.53 11.395
9335457 4791 17.79 0.35 236.58 6.04 11.919
9582005 4654 3.56 0.08 30.20 1.44 11.441
9521461 4804 5.34 0.10 56.97 1.22 10.844
9946074 4823 6.56 0.13 65.09 1.98 12.333
9945290 4699 4.35 0.08 37.56 0.79 11.689
9884319 4562 4.06 0.15 34.42 1.21 12.119
9942816 4982 4.45 0.10 40.23 0.97 11.541
9882446 4739 4.97 0.10 49.53 1.17 10.582
9882316 5170 13.63 0.24 181.05 3.58 12.020
9941713 4775 4.73 0.11 47.75 1.21 12.249
9881167 4705 3.84 0.09 32.70 0.93 11.513
9942071 4818 4.09 0.08 35.26 0.87 12.155
9941242 4413 2.28 0.07 16.23 0.46 11.998
9941141 4715 7.93 0.15 88.72 1.68 11.408
9820702 4858 5.95 0.12 61.14 1.78 10.236
8479182 4668 3.95 0.09 33.92 1.00 11.415
8414512 4643 4.06 0.09 33.64 1.20 12.467
8543200 4968 4.44 0.10 40.75 1.14 9.401
8607581 4871 4.35 0.10 35.83 1.26 10.667
8673221 4875 3.99 0.10 36.95 1.11 9.745
8737032 4737 4.43 0.09 42.28 0.90 10.197
8802374 4677 3.60 0.08 31.65 0.72 10.954
8867740 4551 2.94 0.08 22.20 0.73 11.590
8543569 4742 8.86 0.17 96.31 1.96 12.338
8479383 4648 4.04 0.09 32.05 0.78 10.232
8868800 4735 4.01 0.09 33.55 0.75 12.327
8803432 4732 3.98 0.09 31.88 0.70 11.963
8738333 4646 5.87 0.14 60.46 1.34 12.620
8480205 4596 5.21 0.11 49.39 1.32 12.278
8480097 4790 15.36 1.36 197.78 3.75 12.047
8479780 5016 4.37 0.09 40.15 0.88 11.368
8544483 4703 5.74 0.15 54.66 1.34 12.423
8738834 4639 3.81 0.08 31.86 0.93 10.551
8869611 4646 8.84 0.17 95.82 1.89 12.279
8804395 4632 3.24 0.11 25.41 0.77 11.736
8870432 4607 4.21 0.10 44.85 0.81 9.780
8675106 4681 6.64 0.12 72.13 1.80 10.607
8870850 4811 4.01 0.11 34.92 1.00 12.207
8804886 4646 4.13 0.09 34.00 0.90 12.375
8611394 4851 9.64 0.18 106.53 2.58 12.015
8676094 4491 3.52 0.07 28.87 0.72 11.140
8611114 4747 4.22 0.09 34.27 0.97 10.649
8740476 4740 4.12 0.09 36.61 1.06 12.216
8805565 4495 3.96 0.11 34.76 1.98 10.482
8805663 4923 4.51 0.11 49.25 1.20 10.593
8611833 4856 4.05 0.09 38.08 0.93 11.942
8612585 4497 3.45 0.07 28.96 0.63 12.587
8676927 4900 4.28 0.19 42.12 1.31 10.141
8612520 4708 4.20 0.08 41.53 1.23 11.725
8676988 4841 4.34 0.09 38.97 1.29 12.501
8872046 4643 6.46 0.13 64.86 1.32 12.209
8872709 4875 4.37 0.10 38.63 1.97 9.778
8872979 5091 6.39 0.13 77.05 2.00 10.760
8612811 4897 4.10 0.08 33.10 0.86 12.040
8613617 4922 13.43 0.27 169.45 3.70 11.585
8613617 4922 13.43 0.27 169.45 3.70 13.683
8677701 4417 3.64 0.08 30.38 1.02 12.455
8741733 4693 4.32 0.09 38.57 1.31 12.461
8873797 4687 3.83 0.08 30.56 1.16 11.908
8742013 4729 3.16 0.07 25.12 0.62 10.632
8677342 4743 5.18 0.10 51.30 1.11 11.295
8742545 4961 12.09 0.23 140.80 2.69 11.451
9009805 4747 5.20 0.11 49.72 1.05 11.879
9077844 4716 4.72 0.14 47.07 1.10 10.194
8941202 4825 4.11 0.10 34.03 0.81 11.764
8081069 4705 4.10 0.11 34.41 0.89 12.444
8081278 4523 3.82 0.09 33.81 0.73 11.647
8217514 4515 3.78 0.08 31.47 1.31 12.287
8348568 4843 4.02 0.11 33.97 1.39 12.386
8283646 4699 6.06 0.13 66.02 1.44 11.466
8283356 4704 11.11 0.25 133.38 3.06 11.630
8081853 4251 1.26 0.07 7.01 0.36 11.607
7944038 4512 2.27 0.07 19.86 0.60 9.451
8081535 4673 4.53 0.11 42.24 0.94 11.176
7944193 4662 3.60 0.11 28.05 1.70 12.184
8415501 4611 3.59 0.08 31.48 0.79 11.788
8350443 4703 3.98 0.11 31.72 0.78 10.781
8350645 4577 5.21 0.11 54.27 1.15 10.820
8283958 4640 4.05 0.11 37.24 1.47 10.354
8284032 4706 4.26 0.09 38.23 1.10 11.697
8218568 4850 9.80 0.21 116.51 2.97 12.326
8082494 4635 3.80 0.08 32.49 1.27 12.159
8545291 4665 5.81 0.15 55.10 1.15 11.201
8545504 4919 9.20 0.17 108.37 2.43 11.689
8481174 4537 3.44 0.08 27.45 1.27 12.464
8219125 4556 6.28 0.14 63.12 1.67 11.953
8285025 4403 2.05 0.05 15.29 0.42 11.846
8284682 4575 3.55 0.07 29.65 0.67 10.829
8219000 4572 4.66 0.12 42.81 1.00 12.489
8285510 4679 3.06 0.07 24.46 1.09 10.169
8151314 4738 4.11 0.09 34.51 1.19 12.440
8547669 4487 3.22 0.08 27.40 0.70 12.217
8547469 4741 3.86 0.09 30.08 0.86 11.852
8482769 4762 3.91 0.09 28.61 0.81 12.098
8418437 5117 3.98 0.20 27.69 0.81 12.174
9330758 4720 4.26 0.10 38.11 1.04 12.226
9269772 4588 5.88 0.12 57.79 1.28 11.512
9270087 4731 4.08 0.12 36.17 0.83 12.008
9143834 4528 2.27 0.05 15.82 0.35 11.807
9143868 4629 4.22 0.10 35.96 1.48 10.953
9143924 4454 1.60 0.04 9.74 0.72 12.128
9008270 4835 3.99 0.09 34.47 1.22 10.372
8939964 4832 3.96 0.11 29.42 1.19 12.038
8940098 4776 4.17 0.09 34.09 0.73 12.241
9269081 4978 2.83 0.10 25.30 1.27 12.042
9269302 4856 4.05 0.08 36.15 0.75 11.973
9392039 4797 4.04 0.09 36.49 0.75 11.563
9269234 4634 9.82 0.20 113.47 2.34 12.536
9075872 4924 13.24 0.28 156.37 3.16 11.889
9142574 4842 3.74 0.10 26.77 0.67 11.496
9007718 4564 3.99 0.08 35.36 0.76 12.517
9205952 4438 2.43 0.06 17.85 0.62 12.369
9268146 4450 3.60 0.08 30.83 0.82 12.015
9205705 4685 3.15 0.09 25.23 0.67 10.991
9075225 4833 5.36 0.11 55.18 1.17 10.092
9329058 4802 4.52 0.09 41.26 1.19 10.336
9329200 4554 6.79 0.13 74.65 1.49 11.204
8937073 4534 3.23 0.08 24.69 0.57 11.431
9267654 4827 10.26 0.19 116.54 2.24 12.018
9327993 4610 3.91 0.09 34.68 2.09 9.808
9139859 4615 6.81 0.13 72.71 1.74 11.636
8936409 4239 1.22 0.04 6.96 0.33 11.695
9004448 4651 3.45 0.17 27.01 0.67 11.406
9265513 4717 5.36 0.11 48.21 0.96 11.894
9202995 4735 3.82 0.08 29.28 1.67 10.928
9202597 4697 9.65 0.18 113.30 2.34 12.373
8936339 4834 4.62 0.10 44.03 1.07 12.111
9003765 4599 6.02 0.13 59.22 1.22 11.485
8936104 4489 3.75 0.09 30.58 2.03 12.412
8936084 4922 4.15 0.09 31.97 0.88 12.029
9264889 4839 7.40 0.19 82.48 1.60 12.128
9326421 4744 6.73 0.14 68.44 2.26 12.357
9072262 4686 4.49 0.10 37.86 1.10 11.872
9002344 4677 4.37 0.09 43.41 1.21 11.626
9002884 4120 0.78 0.07 4.82 0.17 11.570
9071238 4635 5.37 0.11 51.37 1.17 12.491
8736415 4359 1.36 0.04 7.66 0.40 12.305
8934264 4342 1.43 0.04 8.69 0.21 11.553
8671819 4934 4.04 0.09 30.24 0.65 11.536
9698133 4786 9.24 0.17 110.99 2.48 11.904
9515026 4688 4.54 0.13 40.17 0.84 12.416
9453362 4922 4.18 0.09 35.26 1.97 11.395
9392274 4663 4.82 0.10 43.90 1.20 12.307
9513787 4717 3.83 0.12 30.30 0.71 12.184
9575645 4948 4.72 0.11 46.38 1.42 9.487
9637054 4677 4.48 0.11 43.28 0.91 12.487
9818513 4626 3.83 0.08 32.24 1.12 11.709
9818604 4406 3.48 0.07 30.21 0.63 11.093
9758246 4524 2.80 0.06 22.51 0.87 10.629
9451434 4654 3.52 0.09 27.72 0.77 11.350
9574730 4870 4.83 0.13 48.07 1.57 9.736
9451999 4936 4.23 0.08 34.11 0.91 11.103
9574650 4860 9.52 0.19 105.72 2.05 11.754
9635490 4323 2.18 0.05 15.55 0.57 12.025
9635603 4883 4.13 0.10 32.21 0.65 11.686
9697074 4623 3.89 0.11 33.28 0.75 12.596
9390666 4617 3.78 0.09 29.18 0.64 12.470
9328682 5040 4.70 0.12 47.64 1.08 9.913
9635388 4710 4.43 0.10 39.84 1.34 11.377
9450786 4813 3.62 0.08 28.28 0.80 11.435
9635649 4928 15.50 0.55 204.12 4.12 11.864
9634962 4704 3.98 0.10 34.65 0.86 9.499
9511938 4580 4.88 0.11 48.32 0.99 11.329
9449413 4631 5.60 0.14 54.08 1.31 12.488
9902962 5066 6.69 0.12 75.64 1.66 11.821
9903915 4784 5.95 0.12 67.36 1.57 11.305
9904563 4731 4.25 0.08 38.63 1.22 11.820
9965582 4171 1.13 0.03 7.48 0.23 11.262
9967351 4629 5.63 0.13 59.62 1.97 10.839
9967700 4966 9.63 0.18 106.75 2.04 10.395
9966823 4548 4.01 0.09 32.71 1.23 11.703
9968249 4805 7.78 0.19 90.31 2.25 10.964
9791929 4243 4.58 0.11 45.53 1.25 11.189
9851743 4651 4.65 0.09 43.72 1.51 10.457
9852625 4233 2.30 0.05 15.75 0.78 12.067
9662343 4824 4.87 0.22 43.70 1.16 11.550
9540226 4508 3.15 0.08 26.88 0.91 11.672
9479404 5021 6.96 0.13 84.76 2.02 9.829
9782817 4674 5.47 0.12 51.89 2.17 11.841
9783226 4660 5.30 0.10 53.60 1.37 9.854
9843358 4677 4.04 0.10 31.67 0.90 11.225
9662395 4648 4.42 0.10 48.77 1.04 11.448
9724324 4720 4.58 0.09 40.65 0.81 11.190
9724882 4849 4.40 0.12 36.88 0.88 11.364
9602917 4714 3.95 0.09 31.66 0.67 9.900
9542075 4827 4.00 0.11 29.16 1.55 12.037
9846877 4711 4.39 0.13 36.80 0.95 11.745
9906278 4730 4.62 0.11 44.55 1.60 11.456
9846355 4594 3.91 0.12 32.00 0.93 9.527
9786625 4553 4.63 0.10 45.84 1.06 11.700
9605294 4574 3.97 0.12 30.44 0.93 11.301
9604524 4696 4.64 0.10 46.70 1.05 10.746
9787503 4575 3.96 0.09 32.48 1.84 11.993
9666718 4109 1.25 0.03 7.61 0.36 11.677
9727392 4892 4.42 0.09 39.26 1.06 10.934
9728284 4671 4.88 0.11 48.33 1.94 11.401
9727675 4825 6.00 0.12 68.43 2.68 11.680
9728845 4421 3.09 0.06 28.15 0.58 11.165
9667930 5022 6.06 0.14 67.75 1.81 9.902
9788834 4526 3.78 0.09 31.59 1.14 11.499
9909804 4753 4.42 0.14 37.26 0.83 10.750
9970830 4816 5.06 0.13 52.00 1.68 10.031
9790050 4827 5.28 0.10 55.72 1.25 10.651
9910166 4538 3.41 0.08 33.65 0.92 11.901
9024483 4730 3.93 0.08 32.39 1.46 11.898
9025029 4657 4.38 0.10 39.68 0.92 10.751
9024667 4604 3.41 0.13 26.31 1.57 11.915
9157260 4883 17.45 1.72 235.40 4.49 11.734
9220076 4772 4.14 0.15 33.60 0.95 11.373
9344639 4126 1.07 0.03 6.53 0.54 11.737
9406596 4712 3.91 0.11 33.50 0.90 9.924
9283816 4763 4.63 0.11 43.02 0.88 10.735
9283918 4824 4.89 0.11 52.03 1.30 10.852
9026209 4098 1.34 0.03 9.17 0.66 11.576
9025882 4509 4.16 0.11 34.59 0.85 11.191
9346288 4450 3.29 0.08 27.82 0.91 12.013
9408590 4784 4.51 0.11 44.47 1.61 9.701
9346602 4775 5.00 0.11 55.58 1.23 10.512
9159227 4478 3.76 0.08 29.93 1.56 11.922
9222389 4592 3.57 0.07 31.11 1.01 11.641
9027245 4486 5.36 0.12 49.31 1.05 11.883
9409513 5038 6.03 0.14 71.17 1.72 10.286
9027871 4540 4.25 0.10 42.91 1.23 11.367
9349632 4820 7.75 0.15 98.36 2.32 11.851
9350031 4602 5.74 0.12 52.57 1.04 11.578
9411366 4830 5.01 0.10 49.59 1.11 11.655
9163153 4564 12.44 0.24 153.93 3.11 11.543
9226335 4956 4.54 0.08 52.44 2.35 9.870
9226481 4480 4.25 0.09 38.86 1.00 12.099
9228469 4901 9.18 0.17 104.40 2.50 9.987
9100444 4653 5.11 0.10 51.76 1.32 11.048
9163785 4511 4.74 0.12 46.47 1.01 11.373
9351617 4781 4.35 0.08 39.54 1.10 11.539
9351186 4537 3.87 0.13 33.73 0.97 11.110
9414068 4344 1.63 0.04 10.11 0.40 11.777
9414102 4447 3.91 0.08 36.41 1.09 12.017
9291624 4466 4.04 0.08 34.77 0.83 12.066
9166023 4161 2.40 0.05 18.46 0.58 11.754
9034557 4643 4.31 0.09 41.99 1.35 11.481
9229601 4805 4.70 0.09 46.00 1.04 11.634
9292408 4580 3.46 0.11 29.36 1.77 11.727
9291249 4519 4.55 0.10 44.72 1.06 11.442
9291830 4789 4.40 0.09 45.98 1.30 11.018
9291976 4555 3.93 0.08 31.41 0.75 11.614
9292180 4517 5.39 0.11 56.12 3.44 11.930
9353187 4851 6.57 0.16 78.91 2.83 11.024
9475697 4651 9.82 0.18 112.52 2.91 11.128
9353531 4674 3.90 0.09 29.91 0.70 11.457
8564559 4743 4.68 0.09 44.31 1.23 11.515
8693004 4596 3.61 0.09 34.19 0.78 10.861
8693018 4912 7.04 0.18 87.78 1.90 11.426
8628585 4593 4.11 0.08 36.37 0.77 11.949
8757215 4708 4.27 0.10 35.30 0.73 12.038
8822689 4892 5.04 0.09 54.79 1.39 10.939
8957543 4473 4.01 0.11 37.65 1.59 11.746
8822878 4493 4.10 0.09 36.51 1.48 11.751
8758700 4570 3.92 0.08 30.89 0.70 11.855
8824452 4541 5.49 0.15 51.25 1.12 10.897
8824264 4706 4.14 0.10 33.70 1.55 11.097
8890410 4803 5.41 0.10 60.82 1.87 11.043
8565016 4498 6.03 0.16 60.96 1.54 11.275
9028511 4645 3.93 0.09 29.98 0.70 11.625
9028321 4500 4.72 0.11 46.33 1.11 11.412
8959259 4538 6.74 0.14 76.82 1.97 11.844
8759811 4787 5.23 0.12 53.30 1.44 11.007
8759746 4643 4.79 0.10 45.98 1.09 11.201
8759207 4980 7.25 0.17 81.23 1.64 10.973
9028697 4558 5.90 0.12 59.24 1.07 11.851
8825444 4931 6.53 0.11 84.32 2.36 10.999
9029195 4632 4.71 0.14 42.41 0.90 10.931
8826079 4750 4.17 0.12 33.01 0.76 11.400
9029603 4862 10.73 0.21 143.89 3.10 11.679
8962844 4688 4.46 0.10 41.43 1.07 11.738
8962923 4954 6.82 0.13 81.21 2.17 11.118
8827646 4611 3.97 0.09 33.24 0.75 11.973
8827934 4718 5.38 0.10 56.76 2.48 10.799
8761471 4719 4.36 0.10 38.61 2.31 11.420
8826496 4743 4.63 0.11 43.88 0.81 11.774
9032691 4604 4.10 0.10 35.31 0.87 11.208
8964218 4337 3.60 0.07 31.33 0.74 11.578
9658002 4531 4.10 0.09 35.34 1.00 11.371
9780183 4585 3.78 0.08 30.49 0.77 10.984
9839918 4637 5.13 0.31 47.44 1.39 10.553
9839246 4704 4.58 0.11 44.27 0.99 11.121
9597214 4845 4.57 0.11 43.27 1.10 11.131
9536330 4484 2.71 0.06 23.06 0.58 10.251
9658793 4611 4.45 0.10 40.50 0.98 10.531
9658072 4392 3.53 0.07 28.00 0.70 11.612
9597524 4676 4.22 0.08 37.96 1.09 12.003
9535050 5090 4.52 0.09 45.30 1.08 10.213
9535399 4662 5.75 0.11 58.26 1.56 9.652
9412408 4791 4.21 0.09 34.58 0.85 10.980
9596639 4621 3.71 0.08 30.49 0.89 11.521
9718024 4867 4.07 0.10 33.76 0.81 10.720
9838978 4626 4.00 0.09 32.99 0.69 12.018
9778288 4745 5.14 0.09 58.34 1.15 11.953
9596106 4475 2.65 0.06 21.48 0.69 11.330
9472481 4940 5.40 0.14 62.31 1.89 9.989
9777536 4610 4.67 0.09 45.42 0.89 11.845
9716866 4491 3.73 0.09 32.05 0.83 11.767
9656523 4591 4.02 0.10 33.75 1.56 11.801
9470276 4737 7.00 0.14 75.26 1.81 11.485
9470055 4087 1.28 0.03 8.69 0.63 11.256
9532518 4732 3.96 0.09 31.13 1.92 10.135
9471284 4682 4.28 0.09 40.49 1.42 11.332
9655101 5031 7.91 0.16 109.57 7.82 10.983
9775927 5064 8.41 0.17 108.56 2.61 10.250
9716522 4799 4.85 0.10 54.10 1.31 10.409
9836930 4893 5.88 0.10 74.41 1.60 9.841
9835626 4750 5.40 0.11 53.91 1.50 10.725
9835436 4587 3.00 0.07 24.58 0.59 11.662
9652704 4872 14.47 0.26 187.77 3.67 11.524
9714063 4679 4.51 0.10 42.31 1.34 10.650
9713617 4730 12.37 0.24 153.96 3.02 11.462
9529974 4694 4.03 0.10 33.35 1.40 11.473
9530396 4697 6.76 0.12 83.08 2.49 11.872
9713083 4737 4.58 0.10 41.70 1.97 9.927
9772366 4706 6.75 0.14 75.00 3.54 9.693
9712888 4733 4.01 0.09 33.09 1.29 10.394
9712510 4526 3.72 0.08 33.40 1.11 11.887
9406638 4750 4.31 0.09 39.39 1.29 11.357
9406415 5089 5.16 0.10 59.28 2.02 9.925
9591097 4714 4.16 0.13 34.65 1.80 11.522
9711349 4358 2.14 0.05 15.33 0.49 11.732
9711231 4683 5.11 0.11 46.93 1.14 11.155
9711269 4637 6.35 0.13 64.05 1.46 9.794
9711492 4929 5.09 0.11 50.76 1.17 11.124
9650046 4825 6.00 0.11 67.83 1.35 11.609
9650527 4971 5.24 0.11 54.70 1.88 11.756
9589638 4714 4.37 0.11 39.35 0.97 11.738
9650881 4657 4.05 0.08 37.12 1.09 11.943
9589500 4970 7.78 0.43 104.51 2.18 11.863
9282363 4705 3.79 0.10 29.66 0.84 11.039
9405269 4752 4.22 0.08 37.84 0.80 10.391
9405555 4464 2.46 0.06 17.86 0.80 10.995
9898999 4484 3.95 0.09 35.77 0.91 11.988
9958522 4657 4.09 0.09 36.66 0.98 11.844
9958567 4807 3.28 0.11 25.29 0.91 10.545
9957219 4711 4.25 0.08 36.00 1.18 9.877
9896174 4988 18.14 1.28 246.26 7.58 11.755
9835790 4751 5.74 0.12 61.73 1.17 10.949
9956345 4682 8.06 0.20 88.89 2.00 11.922
9893889 4646 3.80 0.09 30.75 0.84 10.341
9833073 4626 3.62 0.08 31.87 1.05 11.443
6762022 4757 4.41 0.08 40.48 0.97 11.532
7184978 4453 3.86 0.10 34.16 0.93 12.341
7018252 4741 3.55 0.07 27.35 0.63 10.825
7102068 4694 5.89 0.16 55.73 1.55 12.403
7266674 4651 3.90 0.08 31.01 1.13 12.028
7429055 4588 6.09 0.13 60.58 1.58 11.252
7347189 4717 4.04 0.09 41.57 2.22 10.841
7347195 4349 3.49 0.07 28.82 0.70 12.582
6762612 4863 4.33 0.09 40.14 1.38 12.308
6847371 4485 2.75 0.07 20.31 0.69 12.498
7019157 4935 3.43 0.08 27.68 0.80 12.183
7103182 4427 2.59 0.06 19.29 0.56 12.510
7186542 4659 4.25 0.09 41.17 1.05 11.923
7103297 4716 4.36 0.10 38.60 0.99 11.760
7186274 4688 4.02 0.09 32.41 0.98 12.137
7267593 4626 5.06 0.11 47.11 1.23 12.422
7103666 4713 4.16 0.09 34.62 1.42 11.424
6934780 4869 3.68 0.10 26.74 1.14 11.882
7187059 4728 5.64 0.12 54.61 1.14 11.949
6935260 4677 4.59 0.12 42.66 0.97 10.844
7020371 4413 2.10 0.05 15.79 0.39 11.655
7020392 4709 4.04 0.09 31.96 1.39 12.165
6850417 4799 4.09 0.11 36.43 1.19 10.966
6850177 4640 4.58 0.08 45.23 1.01 11.160
6764685 4735 10.02 0.20 121.67 2.38 12.241
6936990 4602 4.18 0.09 39.09 1.26 12.009
6936796 4440 3.28 0.09 22.52 1.12 11.200
6938892 4514 3.90 0.14 31.07 1.02 12.459
6939158 4461 3.36 0.07 28.93 0.91 11.921
6853266 4615 3.68 0.10 29.96 0.87 12.043
7024649 4618 3.79 0.08 28.29 0.70 12.236
7108501 4744 4.80 0.09 51.28 1.35 11.017
7108536 4765 4.00 0.09 30.35 1.66 11.980
7108646 4574 3.75 0.11 30.81 1.73 12.311
6854095 4853 3.88 0.09 31.13 1.08 11.764
6768319 4648 5.58 0.13 53.61 1.09 11.570
6853779 4354 1.61 0.07 11.43 0.36 11.789
6854391 5115 5.69 0.11 61.91 1.75 11.096
6768355 4760 4.18 0.09 37.25 2.57 11.393
6768654 4786 5.20 0.12 50.29 1.59 11.950
7109120 4575 5.96 0.14 60.53 1.74 11.166
6940048 4810 4.05 0.09 32.94 2.32 10.310
7025721 4829 4.34 0.08 37.88 0.90 10.900
7273672 4449 2.71 0.07 21.36 0.62 11.398
7191673 4512 3.61 0.08 32.21 0.92 10.701
7273426 4699 3.79 0.11 30.80 0.76 11.388
7273176 4927 3.91 0.11 30.15 1.49 11.884
6271732 4887 4.04 0.09 32.57 0.68 9.984
6429457 4526 3.07 0.07 23.65 0.46 11.284
6428974 4780 4.58 0.09 41.24 2.01 11.234
6507794 4853 16.03 0.38 205.33 4.29 12.185
6591027 4599 5.38 0.12 53.89 1.21 11.904
6591336 4340 2.91 0.07 24.48 0.59 11.640
6590363 4495 3.60 0.08 31.12 1.01 11.011
6590675 4604 3.34 0.09 27.52 0.88 12.449
6508300 4705 4.12 0.08 34.79 1.07 12.427
6676885 4645 4.12 0.10 35.61 0.85 12.335
6508328 4712 4.27 0.09 37.99 0.86 11.686
6508943 4640 4.04 0.08 34.57 0.71 11.586
6191288 4619 3.14 0.07 25.69 0.62 11.084
6192431 4467 4.09 0.08 35.29 0.79 10.792
6273063 4554 3.64 0.07 31.80 0.71 9.701
6430534 4615 3.58 0.07 28.40 0.85 11.305
6192043 5028 8.48 0.21 108.55 3.10 11.396
6764382 4464 3.44 0.07 29.57 0.93 12.556
6764229 4531 6.07 0.12 60.33 1.48 11.715
6849167 4749 4.24 0.10 35.57 0.99 10.982
6677653 4969 5.97 0.72 71.56 1.55 10.835
6764026 4685 7.60 0.21 81.83 2.24 12.223
6592627 4637 4.80 0.09 45.59 1.23 12.387
6678428 4722 4.25 0.09 34.56 1.07 11.388
6765032 4403 1.37 0.05 7.32 0.40 11.554
6678432 4551 5.67 0.14 55.97 1.29 10.724
6509721 4428 3.76 0.08 32.94 0.74 12.087
6431941 4485 2.81 0.07 20.80 0.56 11.661
6593623 4574 4.15 0.08 37.99 0.83 11.608
6765408 4392 2.35 0.05 18.48 1.16 12.189
6679278 4691 4.12 0.09 34.89 0.95 12.175
6680734 4489 2.39 0.05 17.42 0.42 11.680
6680386 4863 3.92 0.09 31.00 1.34 11.239
6594505 4829 4.04 0.10 35.51 0.91 11.656
6853465 4805 7.41 0.17 85.58 1.80 11.833
6681414 4546 4.60 0.11 40.13 1.03 11.376
6768042 4596 2.96 0.06 22.94 1.12 11.829
6681565 4656 6.67 0.13 73.68 2.26 12.278
7674224 4850 10.67 0.19 129.90 2.52 11.765
7672969 4699 3.81 0.11 30.45 1.05 10.761
7744204 4839 5.16 0.10 52.41 1.22 11.169
7435143 4588 6.16 0.13 62.93 1.32 11.987
7518352 4894 7.43 0.18 75.93 1.69 10.812
7352718 4696 3.85 0.09 35.42 1.45 11.748
7518143 4817 12.17 0.33 157.60 3.29 12.217
7189610 4826 4.14 0.10 35.35 0.88 10.466
7190047 4697 3.94 0.11 30.48 0.73 11.473
7272257 4507 2.99 0.07 24.09 0.63 12.006
7107940 4637 2.63 0.05 22.99 1.63 12.261
7596701 4600 4.95 0.12 44.64 1.17 12.162
7516687 4593 4.06 0.09 35.10 1.08 11.398
7597056 4540 4.18 0.14 35.04 1.52 12.042
7597230 4713 4.18 0.09 39.44 1.52 11.921
7188662 4757 9.37 0.17 110.75 2.43 12.215
7188504 4682 3.92 0.08 30.46 0.77 10.038
7351098 4869 8.82 0.17 120.91 5.08 11.202
7270142 4500 5.42 0.11 52.62 1.48 11.692
7672292 4549 5.57 0.14 52.45 1.16 12.264
7671562 4660 3.77 0.08 30.12 0.69 11.650
7743176 4759 3.71 0.10 30.12 1.27 11.418
7672405 4565 1.88 0.05 14.04 0.75 11.775
7515137 4501 6.70 0.14 68.26 2.09 12.155
7595285 4842 3.78 0.08 29.39 0.62 10.604
7515516 5083 7.68 0.14 92.58 3.24 10.435
7595155 4634 3.76 0.09 29.94 1.21 11.840
7513379 5010 9.03 0.16 108.49 2.39 11.940
7593843 4863 4.14 0.09 34.16 1.59 11.643
7430868 4720 5.64 0.13 52.81 1.55 10.290
7348314 4807 7.84 0.19 84.91 2.23 12.148
7669105 4827 3.82 0.11 27.55 1.23 12.129
7668782 4334 2.01 0.06 13.98 0.36 11.630
7667657 4829 4.39 0.09 43.86 0.97 11.878
7428418 4881 4.12 0.09 35.64 0.96 9.930
7592356 4767 3.95 0.09 31.13 1.00 11.510
7592262 4966 16.43 1.44 209.32 11.16 12.106
7183922 4610 3.33 0.07 29.02 1.13 12.096
7346442 4706 5.23 0.11 48.28 1.03 11.546
7346365 4705 5.28 0.10 51.94 1.05 11.696
7265189 4915 8.43 0.17 85.01 1.78 12.021
7591481 4602 4.19 0.11 35.26 1.14 12.020
7591642 4657 3.71 0.08 28.18 1.59 11.772
7510604 4752 4.09 0.10 33.87 0.76 11.407
7591311 4535 3.65 0.08 36.29 0.91 11.908
7667124 4554 3.15 0.08 25.26 0.59 12.320
7265075 4711 3.93 0.09 31.90 0.72 12.140
7345186 4489 4.02 0.10 34.94 0.84 12.373
7264736 4662 6.84 0.14 68.29 1.30 12.279
7017044 4784 3.96 0.12 31.72 0.70 10.615
7100768 4634 3.51 0.08 25.84 1.03 11.755
8088198 4803 4.11 0.09 36.49 0.91 12.260
7950550 4723 5.99 0.12 61.00 1.54 10.998
8088244 4861 4.17 0.10 30.63 1.63 11.635
7880417 4800 14.56 0.28 188.31 3.67 12.269
7949599 4613 4.05 0.09 34.00 0.84 11.030
7811522 4443 3.34 0.08 26.65 0.71 11.477
7949585 4842 4.48 0.10 40.45 1.18 12.003
8087067 4702 8.93 0.17 99.79 2.04 11.873
7949258 4517 4.02 0.09 34.27 0.89 11.791
8154541 4722 4.22 0.09 39.87 1.05 11.149
8354896 4869 8.28 0.15 95.28 2.36 11.147
8154799 4535 2.93 0.08 23.56 0.78 12.030
7594865 4847 3.88 0.11 30.96 0.89 11.959
7670419 4483 3.78 0.10 30.72 1.58 11.306
7670489 4625 4.03 0.09 35.85 0.93 11.793
8154383 4613 6.35 0.13 65.80 1.34 10.876
8086192 4757 7.04 0.14 74.87 1.93 11.534
7948086 4920 4.45 0.10 42.37 1.22 11.293
8085964 4982 7.25 0.17 96.97 3.65 9.894
7948193 5020 9.11 0.17 115.50 3.70 11.093
7809908 4721 4.07 0.09 35.92 0.87 12.345
8016118 5120 7.46 0.21 83.70 1.95 11.222
8153309 4648 3.35 0.07 29.19 1.49 12.213
7808227 4798 4.08 0.09 32.25 0.69 11.524
7807614 4556 3.85 0.08 31.70 0.76 11.555
5339687 4432 3.67 0.15 26.48 0.60 12.571
5339823 4887 4.27 0.08 41.05 1.27 11.353
5340189 4858 14.63 0.30 187.99 4.26 12.712
5426041 4393 5.01 0.10 50.80 1.16 11.511
5597965 4677 5.52 0.14 54.92 1.68 10.962
5597397 4585 5.05 0.11 45.30 0.94 12.230
5768953 4480 1.57 0.09 11.54 0.75 12.082
5685000 4774 3.95 0.08 29.38 0.71 11.292
5855568 4823 4.21 0.08 36.61 0.81 11.878
5770031 4797 4.16 0.11 34.86 1.12 12.357
5512910 4720 4.24 0.09 39.98 1.33 13.040
5427229 4753 4.51 0.14 43.24 1.17 12.117
5341131 4629 5.70 0.11 63.34 2.47 12.190
5770923 4843 6.92 0.13 80.83 1.54 10.730
5856931 4163 1.19 0.10 7.61 0.50 11.971
5770637 4668 4.65 0.11 41.88 1.23 12.566
5856737 4671 11.89 0.32 143.45 3.07 13.115
5685237 4703 9.29 0.18 104.71 2.35 12.252
5598789 4939 5.43 0.11 57.00 1.17 10.502
5685279 4332 1.28 0.06 7.86 0.39 10.947
5599763 4450 3.77 0.08 32.04 0.69 11.720
5686036 4518 4.28 0.09 37.52 0.97 12.553
5428360 4567 8.59 0.17 96.58 2.99 12.483
5514079 4453 7.79 0.18 87.72 1.75 11.613
5857548 4691 4.28 0.17 32.44 0.79 11.972
5857724 4220 2.32 0.05 16.69 0.79 11.691
5857618 4554 6.31 0.13 70.56 1.57 11.815
5771513 4938 4.12 0.27 30.73 0.73 12.619
5600739 4659 14.36 0.43 189.25 3.63 12.798
5515314 4628 10.74 0.21 133.42 3.18 10.876
5772710 4448 3.78 0.12 33.61 1.81 11.301
5514974 4563 4.05 0.09 32.85 0.90 11.355
5773063 4660 5.05 0.11 47.34 1.29 12.742
5601827 4660 7.19 0.14 79.37 1.88 12.008
5602062 4671 9.80 0.19 107.82 2.07 12.300
5515939 4864 4.09 0.09 29.43 1.40 12.407
5515794 4737 5.16 0.10 51.52 1.84 12.687
5430779 4613 10.40 0.24 127.65 2.84 11.884
5602545 4685 4.17 0.10 36.61 0.80 11.418
5602690 4546 3.84 0.09 31.76 0.73 12.839
5688694 4483 5.09 0.10 47.53 1.04 13.306
5859492 4559 4.03 0.08 35.68 0.72 10.267
5860093 4679 5.52 0.11 50.28 1.03 11.197
5517310 4496 2.61 0.06 20.09 0.45 11.988
5517118 4607 3.84 0.08 31.55 1.00 11.855
5517442 4800 4.03 0.10 36.31 0.80 11.743
5689606 4610 4.50 0.11 44.86 1.02 11.563
5689343 5023 8.09 0.16 96.84 2.07 11.286
5689750 4519 3.94 0.08 32.11 1.15 12.367
5944493 4735 3.96 0.08 32.42 0.90 13.184
5774558 4623 5.15 0.16 48.19 2.28 12.706
5774568 4678 9.49 0.18 110.89 2.14 11.545
6026983 4546 7.72 0.14 85.31 1.78 12.596
5774861 4535 3.60 0.09 29.72 1.58 12.893
4813971 4514 3.96 0.09 34.51 0.87 12.029
4814198 4640 4.82 0.10 49.70 1.02 10.927
5165979 4569 6.60 0.13 72.12 2.51 12.640
5253296 4485 3.42 0.11 30.19 1.18 12.285
5078240 4214 1.44 0.05 8.89 0.56 10.653
5253782 4671 4.46 0.10 40.39 1.12 12.448
4814689 4665 8.03 0.16 86.61 2.05 9.586
4902641 4867 7.91 0.16 98.09 2.14 10.761
4902701 4467 4.15 0.09 35.51 0.78 11.614
4903283 4691 3.98 0.07 33.68 1.25 10.739
4633907 4596 3.81 0.08 30.37 0.66 10.838
4634310 4540 3.91 0.09 36.17 1.01 9.461
4634108 4560 5.61 0.12 54.20 1.61 10.537
5166068 4679 9.52 0.20 99.20 2.77 13.032
4991033 4464 5.20 0.12 48.37 0.99 11.759
5254812 4741 8.41 0.17 89.39 1.73 11.853
4904166 4679 9.95 0.20 108.31 2.02 12.675
4991425 4684 3.52 0.08 25.61 1.34 12.065
4991732 4646 8.53 0.17 103.70 2.46 11.547
5167972 4521 3.65 0.12 34.76 1.51 12.852
5167473 4729 4.03 0.09 31.55 0.64 11.558
5256019 4619 3.95 0.10 30.30 0.67 12.314
5255835 4680 7.74 0.17 78.08 1.75 13.124
5430086 4392 3.45 0.08 27.82 0.90 12.083
5257167 4768 4.05 0.27 28.91 0.82 11.106
5168707 4416 3.14 0.08 23.33 0.47 12.498
5168713 4563 4.73 0.11 41.94 0.88 11.758
5168382 4907 17.05 0.32 214.94 4.07 11.433
5080831 4519 17.18 0.45 224.09 10.72 13.063
5344943 4659 10.53 0.20 127.59 3.21 12.651
5431353 4464 2.59 0.06 18.84 0.51 12.747
5345094 4662 12.00 0.23 147.17 2.95 13.007
6504978 4886 15.40 0.31 206.95 4.51 12.705
6587865 4256 1.38 0.04 8.07 0.40 11.963
6505025 4615 4.17 0.09 34.47 1.28 11.899
6504840 4544 5.36 0.12 49.86 1.02 13.163
6188269 4752 5.65 0.13 63.60 2.36 11.874
6188215 4993 8.52 0.24 113.73 3.06 10.517
6106895 4567 3.83 0.10 31.68 0.80 12.175
6347518 4801 9.39 0.19 106.98 3.01 12.863
5943448 4538 4.28 0.11 35.06 1.79 12.402
5858947 5051 14.41 0.26 174.41 4.18 11.737
6025641 4615 9.95 0.19 120.84 2.43 12.967
6425652 4614 3.75 0.11 27.87 0.76 12.526
6425301 4488 6.14 0.15 60.73 1.54 11.523
6504725 4458 3.82 0.11 33.50 1.28 11.918
6504411 4802 4.01 0.09 28.63 0.75 12.942
5858641 4139 1.39 0.04 9.20 0.29 11.649
5858034 4648 4.39 0.09 38.33 0.85 11.738
6025031 4553 5.94 0.13 57.78 1.50 13.375
6346443 4688 4.22 0.08 36.03 1.25 10.699
6186435 4343 3.93 0.09 32.26 1.66 12.485
6185790 4458 4.65 0.11 42.05 1.02 11.800
6104786 4762 13.72 0.25 167.69 3.12 11.550
6266772 4427 4.55 0.14 44.20 0.97 13.008
6424157 4728 8.81 0.17 98.49 2.06 11.540
6345474 4450 4.13 0.12 33.13 0.81 11.079
6423690 4855 4.03 0.10 33.64 0.92 11.045
6345145 4576 4.87 0.13 45.69 1.63 12.976
6023638 4560 5.98 0.13 60.07 1.66 13.001
6103934 4819 8.36 0.16 99.28 2.55 9.666
6185317 4720 9.82 0.19 109.54 2.28 12.629
5940587 4856 8.97 0.18 103.01 2.24 12.896
6501237 4565 6.09 0.12 63.10 1.39 12.086
6264398 4830 3.98 0.09 31.30 0.69 11.726
6343543 4811 3.45 0.11 30.42 0.84 11.838
6422994 4694 4.48 0.09 43.51 1.04 11.898
6421579 4337 1.28 0.10 8.35 0.33 12.104
6343222 4564 7.36 0.14 78.32 2.03 11.698
6500038 4453 5.37 0.11 50.00 1.16 12.112
6183311 4747 3.98 0.14 34.41 1.15 12.848
5940068 4680 8.35 0.17 90.39 1.80 12.601
5940060 4650 5.61 0.14 52.05 1.19 9.697
6341990 4757 10.82 0.20 123.12 2.76 11.973
6263410 4911 8.29 0.15 108.44 3.14 11.152
6262867 4410 3.74 0.08 30.70 1.01 11.395
6262706 4741 5.66 0.15 59.45 1.65 11.256
6181896 4893 6.48 0.13 70.57 1.76 11.500
6100524 4747 8.29 0.17 85.07 1.81 12.897
6101471 4761 9.15 0.18 102.86 2.18 11.818
6100831 4572 3.54 0.08 25.19 1.13 12.114
5938430 4582 5.87 0.17 59.20 1.35 12.508
5768075 4551 9.70 0.18 120.82 2.88 12.400
5854149 4623 4.33 0.08 41.03 1.12 12.017
5682548 4500 3.68 0.10 30.41 0.75 12.376
5937398 4714 10.43 0.26 117.41 2.64 12.335
5596344 4849 4.05 0.08 34.09 0.87 12.373
6844293 4639 3.91 0.08 28.90 0.79 12.982
7014958 4519 6.25 0.12 66.15 1.97 12.023
6929729 4610 6.06 0.12 64.86 2.09 11.607
6844373 4525 5.78 0.15 55.06 1.57 13.030
6587345 4524 4.01 0.15 31.74 0.81 13.238
6587245 4494 2.78 0.08 24.94 0.87 9.816
6587665 4567 5.63 0.12 55.17 2.20 12.969
6672662 4761 4.35 0.11 39.58 1.88 12.936
6586554 4756 5.34 0.11 54.42 1.87 11.916
6843557 4543 4.81 0.11 48.39 1.03 11.052
6843705 4539 3.46 0.10 30.14 0.93 11.025
6587049 4584 4.02 0.09 35.45 0.85 12.742
7098412 4281 1.19 0.05 7.05 0.36 11.985
6928997 4776 10.00 0.22 121.76 2.44 11.584
7014894 4971 6.40 0.12 73.90 1.80 9.241
6929280 4599 4.02 0.09 33.67 0.72 11.439
7098252 4567 3.24 0.06 24.31 0.65 12.028
6502960 4435 2.30 0.05 16.59 0.99 12.720
6502800 4564 7.47 0.16 80.12 1.71 12.643
6502765 4611 3.77 0.08 28.91 1.05 13.142
6842824 4617 3.92 0.08 33.52 1.44 12.844
6842918 4746 4.45 0.10 37.82 1.62 12.290
7014001 4769 4.50 0.09 41.39 1.49 12.262
6842204 4692 14.03 0.26 179.20 3.45 12.864
6585816 4461 5.88 0.15 63.37 1.77 12.997
6756908 4626 3.44 0.07 27.61 1.45 11.744
6756648 5004 6.65 0.11 83.01 3.78 10.005
6756579 4853 3.88 0.07 38.53 0.77 10.414
6757332 4600 6.48 0.13 64.14 1.34 12.655
6757558 4663 11.22 0.21 131.38 2.35 12.865
6501869 4827 4.13 0.10 33.44 0.88 12.290
6501676 4573 4.77 0.10 43.44 1.03 11.473
6584555 4711 13.33 0.25 171.54 3.42 12.897
6756017 4671 3.98 0.12 32.98 1.32 12.264
6841449 4570 4.84 0.10 44.19 0.92 12.168
6755907 4570 4.79 0.10 43.41 0.93 11.712
6755830 4634 4.48 0.09 42.70 1.51 10.829
6841322 4599 3.60 0.11 30.98 1.19 12.258
6755958 4682 4.87 0.11 43.09 0.94 12.617
6584091 4604 4.12 0.11 34.37 1.07 13.107
6755373 4651 5.14 0.12 50.26 1.21 10.351
6500623 4189 1.98 0.05 14.81 0.55 10.936
3323943 4592 4.02 0.08 33.04 1.28 11.609
3217051 4551 4.20 0.08 37.14 1.08 11.378
3216467 4474 3.77 0.09 31.61 1.00 11.208
3096473 4477 4.16 0.12 36.17 1.64 11.848
3216638 4269 2.49 0.08 18.99 0.74 12.491
3424384 4574 4.15 0.15 29.56 2.09 12.180
3526625 4635 4.19 0.09 35.27 1.93 11.409
3526061 4721 10.64 0.23 127.52 2.79 9.996
3424105 4429 5.13 0.10 51.65 1.21 11.529
3323401 4588 4.04 0.11 32.31 1.17 12.313
3425675 4665 4.04 0.10 32.04 1.04 11.299
3527032 4654 4.50 0.13 43.01 1.18 10.671
3425476 4717 4.40 0.09 40.24 1.02 11.676
3098716 4790 4.15 0.10 30.75 1.64 11.950
3098045 4662 4.13 0.09 34.46 0.72 11.825
2970396 4486 3.81 0.09 30.43 0.71 11.994
3527708 4283 1.48 0.03 8.96 0.46 11.044
3527891 4566 3.49 0.08 30.97 1.43 10.194
3426898 4653 6.51 0.13 63.49 1.22 11.993
3730854 4480 4.58 0.11 44.45 1.44 12.351
3427629 4418 3.76 0.09 30.60 0.96 12.297
3529597 4762 4.89 0.11 53.75 1.83 11.705
3529276 4723 5.58 0.11 57.52 1.21 11.057
3427850 4804 3.44 0.08 26.76 0.68 9.207
3529480 4693 4.58 0.11 43.28 1.51 9.768
3528656 4433 2.66 0.06 20.83 0.50 11.396
3529097 4519 3.89 0.10 34.26 0.87 12.156
3631092 4951 13.94 0.25 191.53 6.22 11.839
3631402 4682 4.85 0.09 46.33 1.21 11.745
3326790 4603 3.58 0.08 26.29 0.56 11.027
3530520 4554 3.90 0.08 35.21 1.98 11.974
3429738 4711 5.88 0.14 55.83 1.38 10.046
3530823 4770 4.61 0.09 45.55 1.19 11.741
3532113 4557 4.92 0.10 46.14 1.35 9.374
3430048 4800 3.39 0.12 35.70 1.63 12.059
3222670 4881 4.05 0.10 34.73 1.84 10.231
3222220 4572 3.70 0.08 30.50 0.82 11.183
3633057 4580 5.22 0.10 49.91 1.36 9.061
3633152 4536 3.94 0.10 32.75 0.88 8.416
3532734 4744 11.92 0.24 151.11 5.17 2.000
3222834 4711 13.87 0.33 169.04 3.27 12.118
3432732 4953 6.34 0.11 79.10 2.10 10.738
3103685 4116 2.25 0.05 16.94 0.50 11.082
3634720 4814 3.88 0.11 38.51 1.00 9.750
3839310 4302 1.91 0.05 13.09 0.35 11.880
3736477 4658 3.91 0.11 28.93 0.72 11.816
3736401 4588 4.01 0.09 32.38 1.21 11.931
2422635 4752 9.16 0.21 103.52 5.49 12.057
2140446 4473 5.63 0.14 57.83 1.08 11.814
2422073 4407 3.24 0.08 26.87 0.89 11.191
2831788 4662 5.44 0.11 53.73 1.20 10.007
2693261 4588 3.87 0.08 35.10 1.18 10.078
2832426 4484 4.81 0.10 46.08 1.27 12.012
2554924 4594 3.94 0.08 33.97 0.82 11.727
2423824 4907 2.78 0.05 22.81 1.50 11.051
2284330 4657 3.39 0.20 29.23 1.40 12.175
2142095 4732 3.71 0.08 28.83 0.74 11.528
2141928 4583 4.02 0.11 34.49 0.98 10.723
3100193 4276 3.46 0.07 30.19 0.81 11.216
2834230 5072 7.00 0.12 88.72 3.76 10.432
2695267 4804 3.90 0.14 29.56 0.66 9.513
3100053 4618 3.94 0.11 29.65 0.98 12.144
2424934 4729 3.90 0.09 33.80 0.89 10.377
2424822 4787 8.08 0.19 93.09 2.67 11.684
2835720 4565 5.92 0.12 59.86 1.35 12.075
2696115 4414 2.30 0.05 20.26 0.59 11.849
2695975 4236 1.52 0.03 10.75 0.32 10.768
3101090 4590 3.89 0.10 32.88 1.43 11.346
3100505 4419 3.95 0.10 34.12 1.51 12.086
2696732 4735 8.28 0.16 91.29 2.36 11.495
2697082 4725 3.29 0.09 31.76 0.88 11.095
2696628 4304 1.54 0.04 10.37 0.28 10.842
2425631 4451 2.55 0.06 20.84 0.49 11.026
2836038 4546 4.12 0.12 37.10 0.87 11.334
2973894 4964 4.00 0.13 28.72 1.16 11.481
2697501 4631 5.18 0.26 53.23 3.02 12.043
2975717 4369 3.36 0.09 28.27 0.92 10.515
3102479 4506 4.25 0.11 39.49 1.00 11.801
4249357 4488 5.11 0.10 48.22 1.00 11.909
4249128 4509 4.46 0.10 41.70 1.03 11.972
3942203 4557 4.21 0.10 34.92 0.84 11.053
3838180 4523 5.83 0.13 58.09 1.89 11.880
3940854 4504 5.50 0.11 58.01 1.78 12.181
3838075 4500 4.20 0.09 37.28 1.16 12.027
4042951 4830 4.11 0.09 32.10 0.77 11.517
4143460 4642 4.23 0.09 39.65 1.22 11.685
3733028 4810 13.11 0.26 179.80 3.45 11.731
3631821 4994 5.50 0.11 58.26 1.43 10.122
3734104 4468 5.85 0.14 58.40 1.90 12.310
4350501 4759 11.03 0.24 143.83 3.69 11.737
4141815 4640 4.60 0.09 43.56 0.93 8.339
3835996 4714 5.02 0.10 46.25 1.05 9.192
4041405 4367 2.58 0.06 18.81 0.43 8.477
4140726 4550 4.91 0.10 49.96 1.29 9.183
4348593 4961 5.08 0.10 63.68 3.97 8.967
3938291 4993 9.31 0.17 115.10 2.94 10.536
4039306 4688 4.19 0.11 33.74 0.99 11.554
4244973 4831 4.70 0.12 51.29 1.72 10.305
4139914 4612 4.24 0.13 37.55 0.96 10.167
4139784 4532 4.85 0.13 48.10 1.01 11.255
4040211 4597 4.21 0.08 38.57 1.06 11.517
3936921 4393 3.51 0.10 26.78 0.90 10.724
3937217 4620 3.71 0.07 29.15 0.84 11.631
4243796 4490 4.26 0.08 38.27 0.94 8.320
4243803 4492 1.83 0.04 16.40 0.62 7.849
4346893 4473 3.93 0.08 32.93 1.11 7.636
4346319 4613 4.66 0.09 45.06 1.07 9.023
3730125 4268 1.29 0.10 8.50 0.69 11.359
3833399 4781 4.13 0.09 37.80 0.87 9.218
3729799 4574 4.10 0.09 37.46 0.79 11.920
3834190 4543 4.02 0.09 33.94 1.78 12.360
4242705 4358 1.92 0.04 13.31 0.68 12.246
4445711 4648 4.24 0.09 36.07 0.99 10.716
4241369 4769 5.72 0.11 61.18 2.16 10.431
4345370 4617 4.03 0.09 31.81 0.69 11.503
4445549 4918 15.98 1.16 200.21 4.45 12.035
3935987 4212 2.59 0.06 20.63 0.52 11.432
3934458 4593 4.25 0.09 36.91 0.89 10.437
4136374 4699 5.14 0.11 52.36 1.40 10.836
4036300 4682 4.37 0.09 38.60 0.92 11.281
4036007 4633 4.37 0.09 37.76 0.83 11.428
5084662 4759 4.49 0.10 41.17 0.84 11.642
5172229 4711 4.36 0.10 39.86 0.88 9.958
4821839 4323 2.36 0.05 19.56 0.94 11.070
4548564 4437 5.98 0.13 56.47 1.32 11.814
4640537 4490 4.04 0.10 34.21 0.86 11.818
4640930 4740 13.38 0.30 179.53 7.66 11.940
5083936 4845 4.23 0.10 34.80 1.05 10.584
4995788 4654 13.40 0.26 166.08 3.30 11.721
4546625 4453 4.09 0.09 34.07 0.88 11.610
4448636 4420 3.97 0.10 33.78 0.82 11.783
4545474 4429 3.93 0.10 37.47 0.88 10.765
4638317 4427 3.40 0.08 27.90 0.93 11.297
4818830 4735 4.62 0.10 40.93 1.02 12.006
4906950 4511 5.23 0.10 53.73 3.06 10.651
4637793 4414 4.01 0.10 35.50 0.83 12.392
4818420 4518 4.54 0.13 40.70 1.19 12.330
4818312 4610 4.89 0.11 44.28 1.03 11.849
4636731 4340 2.89 0.06 23.00 0.65 12.088
4729586 4482 3.53 0.08 29.64 0.79 12.284
4543229 4324 3.18 0.09 25.67 0.71 9.132
4446405 4620 5.76 0.14 60.97 2.10 9.455
2438051 4421 3.27 0.37 32.81 3.12 11.499
2438333 4385 6.31 0.20 61.56 4.39 14.932
2570715 4620 3.43 0.08 29.04 1.33 10.282
1864855 4835 10.42 0.19 127.42 3.25 11.548
2013502 4646 5.68 0.12 61.24 1.36 9.489
2303367 4716 4.11 0.10 33.59 0.74 10.182
2303101 4673 13.54 0.29 164.75 4.90 13.202
2304765 4102 0.96 0.03 7.23 0.58 12.120
2305930 4666 3.90 0.08 29.30 0.93 10.801
2018392 4604 3.76 0.11 33.53 0.74 11.768
2307683 4598 4.31 0.09 40.09 0.95 11.550
1725552 4092 1.22 0.03 8.09 0.74 10.888
1726211 4765 3.70 0.08 31.08 1.09 10.930
2448225 4615 3.95 0.09 36.02 1.32 10.806
2579661 4812 11.06 0.28 141.12 3.74 12.204
2449703 4643 3.96 0.10 32.07 1.04 11.438
2309469 4464 3.48 0.08 27.94 0.59 11.611
2996112 4634 3.92 0.08 33.22 1.20 11.598
1864183 4485 5.48 0.11 54.88 1.14 11.336
1720425 4545 3.79 0.12 28.67 1.64 8.292
1572175 4528 5.25 0.12 56.18 1.61 9.361
1162746 4711 3.82 0.08 27.98 0.97 9.182
1432587 4214 1.08 0.03 5.73 0.23 8.695
1433730 4555 4.05 0.09 40.12 0.95 8.390
1576469 5004 7.32 0.16 88.63 2.18 8.333
1433593 4693 6.24 0.12 67.46 1.86 9.167
1435573 4577 3.69 0.11 26.83 1.68 8.990
3121940 4567 3.73 0.08 27.75 0.95 11.940
2995197 4200 1.53 0.05 10.28 0.35 11.224
3122548 4632 3.90 0.16 34.77 1.13 12.622
3120486 4832 10.51 0.20 137.11 3.10 11.753
3120585 4784 8.39 0.14 101.70 2.37 11.582
3346501 4313 2.69 0.06 20.95 0.61 11.836
2993958 4604 4.79 0.14 49.04 3.21 12.767
2714397 4777 4.14 0.09 32.92 0.65 10.510
2854297 4526 3.14 0.54 32.88 2.37 13.396
3237572 4371 3.63 0.08 34.25 1.31 13.012
3118806 4366 2.68 0.06 19.57 1.20 10.991
3444374 4561 5.70 0.12 56.02 1.18 11.768
2988638 4863 7.72 0.21 91.21 2.20 12.157
2988988 4707 4.26 0.08 38.32 0.81 10.849
3114408 4494 3.42 0.07 29.88 0.96 11.576
3231503 4671 4.28 0.08 42.56 0.89 10.706
2847978 4239 1.49 0.04 9.23 0.64 12.211
2569618 4380 5.62 0.14 55.55 3.43 14.856
2570214 4447 3.31 0.23 32.01 2.58 11.493
2569945 4446 3.71 0.09 31.82 3.10 11.548
3110460 4228 1.34 0.05 7.90 0.54 12.062
2569055 4357 4.04 0.20 32.19 2.42 2.000
2568912 4683 11.14 0.20 128.35 2.59 10.468
3956513 4553 3.16 0.61 33.06 1.99 13.924
3748691 4632 4.25 0.09 38.83 1.18 11.589
3955590 4459 2.75 0.07 20.12 0.78 10.336
4057744 4403 2.90 0.06 26.02 1.21 10.702
4057076 4708 4.58 0.09 42.01 0.95 11.844
4157282 4395 1.89 0.04 14.63 0.49 10.520
4262505 4831 7.94 0.19 87.86 1.67 10.360
3747777 4497 4.41 0.09 43.57 0.92 11.257
3545147 4699 5.25 0.11 54.84 1.41 10.465
3747860 4561 4.02 0.09 36.42 0.80 11.752
3849996 4796 3.87 0.08 28.54 1.14 12.112
3849027 4774 3.71 0.14 26.60 0.66 11.749
3443483 4841 10.68 0.19 132.77 3.35 11.610
3645232 4215 1.41 0.04 8.47 0.28 11.447
3543722 4324 2.51 0.06 18.15 0.45 12.888
3339894 4555 3.37 0.06 29.59 1.09 11.339
3642038 4570 4.26 0.08 40.57 0.77 11.265
3847697 4525 4.86 0.11 45.39 0.98 11.610
3453419 4545 4.63 0.10 45.56 1.35 11.745
3858714 4637 5.07 0.10 50.23 2.01 11.943
3756174 4626 9.44 0.17 109.42 2.23 12.564
3860176 4842 6.63 0.12 75.32 1.85 11.614
4168909 4806 11.62 0.24 141.93 2.70 10.866
3760337 4624 4.24 0.08 37.96 0.96 10.356
3658136 4169 1.36 0.03 8.15 0.53 11.789
3355015 4584 3.42 0.07 27.44 0.78 11.898
3660820 4674 3.95 0.08 31.80 0.91 11.869
3560181 4506 3.92 0.10 32.38 0.69 11.042
4481621 4285 3.81 0.10 31.00 1.80 13.967
4760954 4599 4.71 0.09 45.01 0.92 11.649
4381519 4764 8.40 0.16 109.31 3.95 12.791
4279700 4435 3.50 0.08 31.33 0.73 11.745
4575645 4618 4.44 0.08 41.33 2.12 10.366
4937576 4432 3.55 0.07 32.99 0.93 12.734
4937204 4628 4.40 0.10 39.86 0.92 10.658
5023953 4635 4.70 0.10 48.41 1.37 12.612
5023732 4437 3.08 0.07 27.25 0.67 12.470
4378473 4463 2.84 0.06 22.63 0.62 10.952
4475934 4699 4.35 0.09 39.73 1.13 11.512
4755467 4700 4.38 0.10 36.77 0.95 10.886
4756934 4246 1.49 0.05 9.62 0.70 11.732
4662939 4698 5.53 0.10 64.17 1.39 10.993
4843143 4556 3.89 0.11 33.41 0.82 10.511
4569298 4475 4.11 0.09 36.78 0.91 11.464
4271039 4665 5.14 0.11 46.64 1.04 11.796
5016549 4955 8.67 0.17 100.37 2.04 12.022
4469886 4870 5.47 0.10 56.77 2.47 11.795
4469602 4595 3.50 0.07 32.59 0.69 11.088
5288716 4573 4.19 0.08 35.76 0.72 11.546
5461921 4463 8.07 0.22 84.59 1.71 13.283
5113910 4266 1.29 0.03 7.47 0.41 10.782
5112744 4542 4.39 0.08 43.69 1.07 12.952
5112950 4534 4.36 0.10 41.34 1.45 12.773
5545303 4596 4.58 0.11 41.44 0.91 13.465
5287610 4515 6.12 0.15 60.14 1.29 11.390
5374118 4725 5.60 0.11 60.48 2.28 11.306
5112072 4725 9.96 0.18 125.12 2.56 13.787
5112387 4674 4.67 0.10 44.68 1.05 12.831
5111949 4676 4.75 0.14 46.73 1.22 12.791
5283798 4727 5.29 0.10 54.50 3.10 11.707
5193840 4820 6.80 0.12 78.09 1.64 12.385
5105190 4590 10.16 0.21 120.32 3.66 13.200
4930906 4477 3.84 0.09 32.68 0.81 11.623
5104949 4498 3.02 0.07 22.32 1.38 11.515
5017711 4474 4.01 0.10 35.92 0.93 11.743
3656231 4610 4.23 0.08 37.69 0.86 11.650
4169130 4696 4.25 0.08 38.37 1.04 11.110
3758458 4851 5.87 0.11 71.28 3.65 11.284
4276070 4512 4.55 0.09 45.09 1.25 11.996
4275625 4596 3.71 0.08 31.99 0.71 11.031
4069447 4100 1.26 0.03 8.05 0.21 11.515
3660976 4917 3.92 0.08 40.48 0.93 11.658
3660554 4600 4.30 0.10 39.91 1.14 12.790
3867193 4505 4.85 0.11 46.47 1.31 12.036
4383388 4489 4.85 0.10 45.73 0.94 11.039
4281702 4613 3.92 0.08 31.04 1.27 12.051
3455760 4498 4.85 0.10 47.61 1.04 10.941
3457618 4506 3.60 0.07 35.01 0.72 11.498
4764420 4540 4.37 0.09 38.91 1.36 11.564
