10977040 51.72
11461138 33.17
11145672 60.27
12121656 37.97
10653200 39.57
11521197 67.85
11289822 72.4
11618522 58.12
11615498 66.98
11871882 36.46
11180468 50.71
11674692 84.45
11129480 42.59
11287679 45.53
10587702 45.08
12367827 39.14
11775041 34.22
11498101 37.76
10858675 87.5
12003742 61.84
11468340 41.81
12118044 64.6
11767058 54.55
11180994 68.85
11413158 56.95
11129945 51.03
10793771 78.09
10533369 40.78
11250341 50.19
11496569 66.35
11721374 59.96
10907410 78.6
12120230 50.8
10910674 36.02
11519450 71.05
12164879 53.08
10847321 68.59
11463411 51.71
11360886 44.98
11670968 45.17
11413138 46.02
12217154 47.35
