10907196  44.12
10962775  35.12
11177749  34.18
11231549  30.25
11337883  149.21
11284760  34.53
11072470  32.66
11072334  79.25
11017831  225.96
11232325  60.45
11339000  38.26
11232225  33.06
11285650  93.87
11391750  85.77
11126673  55.79
11179815  36.21
11018710  53.34
11126721  30.74
11180468  50.71
11127105  190.02
11180378  33.08
11127586  78.10
11340165  33.00
11180994  68.85
11287844  44.16
11287679  45.53
11234625  34.41
11340747  112.27
11287896  33.95
11235672  73.61
11181828  33.49
11181891  33.87
11129442  37.46
11128910  36.71
11182706  38.90
11342308  65.39
11289335  35.94
11342694  75.50
11235816  33.93
11076453  50.92
11129480  42.59
11129945  51.03
11236571  191.54
11289990  36.40
11236536  43.12
11289822  72.40
11236845  43.45
11289759  33.45
11395816  32.75
11342804  62.55
10651578  32.78
10847321  68.59
10907410  78.60
11018922  33.47
11018745  35.00
10848618  33.23
10908322  30.31
10964584  31.18
10586902  45.16
10587122  37.36
10522084  45.76
10652469  50.26
10718491  48.88
10849000  61.67
10653200  39.57
10653383  41.36
10587702  45.08
11074543  56.87
11019954  34.64
11020211  104.63
11020101  122.66
10966241  97.02
10910541  30.27
10910889  47.66
11075908  37.93
10966458  32.13
10910674  36.02
11602793  122.83
11551758  31.05
11654305  51.88
11654184  34.14
11499428  33.08
11551746  44.82
11447802  44.22
11551628  53.60
11394905  39.08
11395438  34.04
11550567  37.24
11550492  93.01
11498298  42.21
11704163  46.13
11287949  90.53
11234897  61.32
11287936  51.37
11446151  33.16
11653073  37.26
11601529  33.27
11498101  37.76
11498043  33.65
11601378  36.18
11445818  37.05
11497421  30.56
11600024  35.72
11702195  50.86
11600208  30.68
11600604  105.64
11600255  100.18
11496569  66.35
11444844  30.97
11496497  185.08
11444313  33.34
11495120  60.96
11599342  131.30
11546913  183.56
11285433  32.70
11649294  33.96
11598312  46.68
11494312  37.99
11441797  56.59
11494169  40.23
11177727  31.83
11337714  38.84
11230630  30.05
11284496  104.17
11905840  120.80
11955410  33.30
12005162  160.59
12004945  86.57
11905997  65.37
11805876  132.88
11805460  37.08
11805792  35.09
11855110  37.74
11754056  33.91
11703230  33.16
11753722  47.35
11805217  63.31
12101990  30.36
11954465  103.81
11905393  32.83
11854450  30.76
11904929  44.50
11954278  36.91
11905159  50.41
11953849  35.65
12003742  61.84
11753104  33.31
11753018  63.74
11753211  35.72
11753439  54.45
11752396  36.55
11752358  63.38
11802908  104.21
12003253  31.87
11953581  36.93
11853719  32.59
11802037  30.06
11752118  37.79
11650219  31.84
11250010  40.44
11250139  38.75
11355933  39.86
11563791  41.82
11615224  30.46
11615617  103.54
11615498  66.98
11512096  31.58
11564307  36.15
11668246  39.30
11668036  41.51
11667928  30.77
11667799  50.33
11409529  36.41
11513798  91.02
11461138  33.17
11617622  32.13
11618522  58.12
11617501  42.83
11410217  225.92
11514322  60.46
11410549  36.86
11357686  55.69
11410622  150.86
11463411  51.71
11462972  42.92
11515377  192.85
11463450  38.68
11721438  110.14
11669622  35.02
11720493  34.04
11670367  30.83
11567572  57.10
11568605  48.77
11517524  103.13
11567563  43.71
11412190  32.44
11518492  52.61
11413158  56.95
11465784  34.73
11569659  31.69