11665692 67.79
11181891 33.87
10156597 68.54
11559478 36.26
11521197 67.85
8479383 32.05
10935853 64.72
11752358 63.38
11289822 72.4
7510604 33.87
10972288 66.01
7109120 60.53
9772366 75.0
8283646 66.02
9724324 40.65
9412408 34.58
9711269 64.05
10157507 67.02
11289759 33.45
9579860 54.82
11044315 61.3
5512910 39.98
8081069 34.41
11351480 35.42
11612200 31.27
10198347 40.1
11498101 37.76
9582005 30.2
11342694 75.5
12003742 61.84
12118044 64.6
8565016 60.96
12003253 31.87
8086192 74.87
9941141 88.72
9764708 31.59
8825444 84.32
9787503 32.48
9650046 67.83
11362947 72.91
11498043 33.65
9782817 51.89
11029423 74.38
8479182 33.92
11083613 89.1
8870850 34.92
10152909 77.42
9910166 33.65
11905997 65.37
9956345 88.89
10207321 64.56
10922840 75.63
10979742 73.39
11403918 72.56
11870991 30.63
7429055 60.58
11819760 30.52
8675106 72.13
12316494 31.55
9326421 68.44
11720493 34.04
10461323 84.14
6681565 73.68
10083480 32.22
7515137 68.26
10228836 55.6
9222389 31.11
11561379 89.66
10480806 67.76
11612603 84.8
2436688 77.19
10128629 38.53
12169845 30.43
11083319 44.44
11519450 71.05
7809908 35.92
10023439 64.84
10736390 67.66
11181828 33.49
9139859 72.71
6764229 60.33
6938892 31.07
