1.621913978979299953e-01 1.505961696794826421e+05
3.243827957958599906e-01 2.104407351293298416e+04
4.865741936937900136e-01 5.259084855856573085e+03
6.487655915917299732e-01 7.822196269087888140e+03
8.109569894896599962e-01 6.985622768737901822e+01
9.731483873875900192e-01 3.048376220205268510e+03
1.135339785285520042e+00 8.991817244373969515e+03
1.297531183183449954e+00 3.366989647013717786e+02
1.459722581081380088e+00 6.826714193853433699e+01
1.621913978979319992e+00 1.938660369749669371e+03
1.784105376877249904e+00 3.776254316771822778e+04
1.946296774775180038e+00 1.023148124510362777e+03
2.108488172673109950e+00 1.642775958724100519e+03
2.270679570571040085e+00 8.843826583643398408e+03
2.432870968468970219e+00 2.565787791767889757e+03
2.595062366366899909e+00 4.031571123806879314e+03
2.757253764264839813e+00 3.228436461538540243e+02
2.919445162162769947e+00 2.203076730637546916e+03
3.081636560060700081e+00 1.552072757792645234e+03
3.243827957958630215e+00 6.535485916439762377e+02
3.406019355856559905e+00 2.534524499439451688e+02
3.568210753754490039e+00 8.453667131168600463e+03
3.730402151652429943e+00 2.664531646044899844e+03
3.892593549550360077e+00 3.920949127651012134e+01
4.054784947448290211e+00 1.004204410945896626e+02
4.216976345346219901e+00 6.395534991064433825e+02
4.379167743244149591e+00 1.680542229097731251e+03
4.541359141142080169e+00 6.962610550127330100e+01
4.703550539040009859e+00 1.936160483526431904e+02
4.865741936937950207e+00 1.392432476351508967e+03
5.027933334835879897e+00 1.646085460068043105e+01
5.190124732733809587e+00 6.037338000471465875e+02
5.352316130631740165e+00 2.337323846928706246e+02
5.514507528529669855e+00 3.833641804142629326e+02
5.676698926427600433e+00 4.413454938339482965e+02
5.838890324325539893e+00 1.015220858338219045e+03
6.001081722223469583e+00 8.137598804803192252e+02
6.163273120121400162e+00 1.671699608717066212e+02
6.325464518019329851e+00 1.158405292205733986e+03
6.487655915917260430e+00 4.039073755470905098e+02
6.649847313815190120e+00 1.796178476364542576e+02
6.812038711713119810e+00 1.230445852199215096e+03
6.974230109611060158e+00 5.151704384023896637e+02
7.136421507508989848e+00 2.579146516062105547e+02
7.298612905406920426e+00 4.914468877708402061e+01
7.460804303304850116e+00 6.929513601319728195e+02
7.622995701202779806e+00 7.332884379046224694e+02
7.785187099100710384e+00 1.181120781546777835e+03
7.947378496998649844e+00 3.367354047660032990e+01
8.109569894896580422e+00 9.582398257530103365e+02
8.271761292794510112e+00 1.955722133238784295e+02
8.433952690692439802e+00 5.676482730383285116e+02
8.596144088590369492e+00 4.373036171913869730e+00
8.758335486488299182e+00 3.409962125724881332e+01
8.920526884386230648e+00 4.607675662737771916e+01
9.082718282284169220e+00 1.515831988830273076e+02
9.244909680182100686e+00 5.748562452136352476e+02
9.407101078080030376e+00 3.185037873294168094e+02
9.569292475977960066e+00 1.248793436290980878e+02
9.731483873875889756e+00 1.965852380709408749e+02
9.893675271773819446e+00 5.233797779528268848e+02
1.005586666967174914e+01 2.484446842193631539e+02
1.021805806756968948e+01 2.065808309771370546e+02
1.038024946546761917e+01 5.027954576163338061e+02
1.054244086336555064e+01 3.643387914827534360e+02
1.070463226126348033e+01 1.558624713412664846e+02
1.086682365916141002e+01 4.705516212883740224e+01
1.102901505705935037e+01 5.911479944605793690e+01
1.119120645495728006e+01 1.489422353344231169e+02
1.135339785285520975e+01 6.010847383168679698e+02
1.151558925075313944e+01 6.261016252809865819e+02
1.167778064865106913e+01 2.343494425079078098e+02
1.183997204654900059e+01 5.579586803146177232e+01
1.200216344444693028e+01 3.313353214689834658e+02
1.216435484234487063e+01 3.462058600173605214e+02
1.232654624024280032e+01 6.137197837950158146e+02
1.248873763814073001e+01 1.622885250833755322e+02
1.265092903603865970e+01 2.724205829457928019e+01
1.281312043393658939e+01 1.270755280561037125e+03
1.297531183183452086e+01 3.378714948129821209e+02
1.313750322973245055e+01 2.233053346740389955e+01
1.329969462763038912e+01 8.898960250739266087e+01
1.346188602552832059e+01 3.052385819782628005e+02
1.362407742342625028e+01 3.523806537670346870e+02
1.378626882132417997e+01 1.834628281836893677e+02
1.394846021922210966e+01 1.737894293954515135e+01
1.411065161712003935e+01 3.102653811153235779e+02
1.427284301501797081e+01 1.455637319732158517e+02
1.443503441291590939e+01 1.308262775326421377e+02
1.459722581081384085e+01 3.104610822261942644e+02
1.475941720871177054e+01 2.201086703154107340e+02
1.492160860660970023e+01 7.754311529912649803e+01
1.508380000450762992e+01 4.347205288089272130e+02
1.524599140240555961e+01 1.143805083484055558e+02
1.540818280030348930e+01 6.978181114262824281e+01
1.557037419820142965e+01 2.850151629300973468e+02
1.573256559609935934e+01 1.296416603358412374e+02
1.589475699399729081e+01 1.213320200549569563e+02
1.605694839189521872e+01 1.549883020298078691e+02
1.621913978979315019e+01 6.125038985316462004e+01
1.638133118769108876e+01 1.871636220595348732e+02
1.654352258558902022e+01 5.606693676672404081e+01
1.670571398348695169e+01 1.274058639441535661e+02
1.686790538138487960e+01 3.907042170653289848e+00
1.703009677928281107e+01 7.659046435670893516e+01
1.719228817718074964e+01 2.461751419391800368e+02
1.735447957507867045e+01 6.497800117411250653e+01
1.751667097297660902e+01 1.954656705915410839e+02
1.767886237087454049e+01 2.568305798277962140e+02
1.784105376877246840e+01 2.176708706298644103e+01
1.800324516667039987e+01 5.992317042433082008e+01
1.816543656456833133e+01 8.338694600969652981e+01
1.832762796246625925e+01 8.027215876088892799e+01
1.848981936036420137e+01 1.335601296844605024e+01
1.865201075826212929e+01 9.904909969925897428e+01
1.881420215616006075e+01 1.265948337112524626e+02
1.897639355405798867e+01 2.943808982823880882e+01
1.913858495195592013e+01 4.463925940553899352e+01
1.930077634985385870e+01 8.024893993242710621e+01
1.946296774775177951e+01 1.643254898808924835e+01
1.962515914564971098e+01 1.712464084073678094e+01
1.978735054354764955e+01 1.831347506010404800e+02
1.994954194144558102e+01 2.070703484754899080e+02
2.011173333934350893e+01 1.523842771186981224e+02
2.027392473724144040e+01 2.832903753725570937e+02
2.043611613513936831e+01 2.132806425595833275e+02
2.059830753303731044e+01 2.706159924971754904e+01
2.076049893093523835e+01 1.724367768668945899e+01
2.092269032883316981e+01 5.533592310427909666e+01
2.108488172673110128e+01 3.117183942406218122e+01
2.124707312462902919e+01 1.649732577122935311e+02
2.140926452252696066e+01 2.875865320573259396e+02
2.157145592042489923e+01 1.056119017986486064e+01
2.173364731832282004e+01 6.756272650497851373e+01
2.189583871622075861e+01 5.400256554319280156e+01
2.205803011411869008e+01 1.001953040196937224e+02
2.222022151201662155e+01 9.288968063731702784e+01
2.238241290991454946e+01 2.605487716066609849e+01
2.254460430781248093e+01 2.712617416859205122e+01
2.270679570571041950e+01 1.494993958981481086e+01
2.286898710360835096e+01 3.450746455319745110e+01
2.303117850150627888e+01 1.271115204919429118e+02
2.319336989940421034e+01 9.740779714887028717e+01
2.335556129730213826e+01 1.055601743870521005e+02
2.351775269520006972e+01 1.094206828024185114e+02
2.367994409309800119e+01 1.774666354461793674e+02
2.384213549099593976e+01 7.040622342635765563e+01
2.400432688889387123e+01 3.299008410088131171e+01
2.416651828679179914e+01 1.035733279566834568e+02
2.432870968468973061e+01 1.192272230312284194e+02
2.449090108258765852e+01 2.744918655373417948e+01
2.465309248048558999e+01 1.908094871918086000e+01
2.481528387838352856e+01 6.279193079377540698e+01
2.497747527628146003e+01 1.020262105670471016e+02
2.513966667417939149e+01 5.989404078597473813e+01
2.530185807207731941e+01 4.781286470309503756e+01
2.546404946997525087e+01 1.379980572731875270e+02
2.562624086787317879e+01 5.930064594239999737e-02
2.578843226577111025e+01 2.107843353126789054e+01
2.595062366366904882e+01 1.080459500502778099e+02
2.611281506156698029e+01 7.158999948557189796e+00
2.627500645946491176e+01 1.256165954214159228e+02
2.643719785736283967e+01 1.389895050184764500e+02
2.659938925526077114e+01 2.722571788863538700e+02
2.676158065315869905e+01 1.475420427446898941e+02
2.692377205105664117e+01 1.817538257217551632e+02
2.708596344895456909e+01 4.419780183655188210e+01
2.724815484685250055e+01 1.216416369077813471e+02
2.741034624475042847e+01 9.569942374940733032e+01
2.757253764264835993e+01 2.120142286120051978e+01
2.773472904054629140e+01 1.046523494726032943e+01
2.789692043844422997e+01 1.146441404768249726e+02
2.805911183634215078e+01 1.639070972808818851e+02
2.822130323424008935e+01 1.049853526536078974e+01
2.838349463213802082e+01 3.659228693919641984e+01
2.854568603003594873e+01 2.405690451853896050e+01
2.870787742793388020e+01 4.380642301297820396e+00
2.887006882583181167e+01 3.553856433960152827e+01
2.903226022372975024e+01 8.752856157018716488e+01
2.919445162162768170e+01 3.706964309508882138e+01
2.935664301952560962e+01 3.547604626796555749e+01
2.951883441742354108e+01 2.723290606055799867e-01
2.968102581532146900e+01 3.557178324423980076e+00
2.984321721321940046e+01 3.144476455804381843e+01
3.000540861111733903e+01 5.523680069832249728e+01
3.016760000901527050e+01 2.352742124371919985e+01
3.032979140691319841e+01 4.753908082678269587e+00
3.049198280481112988e+01 1.062306735319875983e+01
3.065417420270906135e+01 4.943351404449067132e+01
3.081636560060698926e+01 3.094955645896203933e+01
3.097855699850492073e+01 1.294228557616765052e+01
3.114074839640285930e+01 4.654159911601340127e+01
3.130293979430078011e+01 8.028984816387571755e+01
3.146513119219871868e+01 1.140230873500632356e+02
3.162732259009665015e+01 1.788353675216518823e+01
3.178951398799458872e+01 5.839855225410197903e+01
3.195170538589250953e+01 4.659957272755085000e+01
3.211389678379043744e+01 1.338581021219446932e+01
3.227608818168837956e+01 6.814651095894862465e+01
3.243827957958630748e+01 5.841645281077637719e+01
3.260047097748424250e+01 8.593095755025620974e+01
3.276266237538217041e+01 9.231091884796869707e+00
3.292485377328009832e+01 5.647311457801340140e+00
3.308704517117803334e+01 5.494433246764249645e+01
3.324923656907596836e+01 9.223935098516980347e+00
3.341142796697390338e+01 2.594885950382550099e+00
3.357361936487181708e+01 2.991050720264241036e+01
3.373581076276975921e+01 3.649422475585709869e+00
3.389800216066768712e+01 5.426322425362959834e+00
3.406019355856562214e+01 1.989895602661405150e+01
3.422238495646355716e+01 7.546205038831706702e+01
3.438457635436149218e+01 3.149043184697999931e-02
3.454676775225941299e+01 8.322584170076069654e+00
3.470895915015734801e+01 4.289101019398580661e+01
3.487115054805528302e+01 1.888741305598510056e+00
3.503334194595321094e+01 9.008651208609060745e+01
3.519553334385115306e+01 2.816663371916530068e+01
3.535772474174906677e+01 3.141512185262741141e+01
3.551991613964700178e+01 2.196508179434700025e+01
3.568210753754493680e+01 1.119511002845973913e+01
3.584429893544287182e+01 1.048943389697785022e+01
3.600649033334079974e+01 2.682007657533016953e+01
3.616868173123872765e+01 1.229587721568499070e+01
3.633087312913666267e+01 5.582509950556960199e+00
3.649306452703459769e+01 2.333644462871400094e-01
3.665525592493253271e+01 1.270564940886352012e+01
3.681744732283046062e+01 1.164631106944922934e+01
3.697963872072840275e+01 1.778052203993600033e-01
3.714183011862631645e+01 1.927501601565708000e+01
3.730402151652425147e+01 1.887946870336521954e+01
3.746621291442218649e+01 2.745951949933848013e+01
3.762840431232010729e+01 5.637836601809819825e+00
3.779059571021804942e+01 3.171864299426253098e+01
3.795278710811597733e+01 3.467485331370377111e+01
3.811497850601391235e+01 5.380281631596250236e+01
3.827716990391184027e+01 1.516711949552722061e+01
3.843936130180978239e+01 1.214274658763424064e+01
3.860155269970771030e+01 3.329459900858802257e+01
3.876374409760563822e+01 3.423396760424120000e+00
3.892593549550357324e+01 4.540635501667178175e+01
3.908812689340150115e+01 2.298021444605575070e+01
3.925031829129942906e+01 9.058529305692129441e+00
3.941250968919735698e+01 3.869049140447111768e+01
3.957470108709529910e+01 8.466165334624079719e+00
3.973689248499322701e+01 2.168135284521480077e+00
3.989908388289114782e+01 5.132102119098250093e+00
4.006127528078908995e+01 9.579176272908510370e+00
4.022346667868701786e+01 1.662926344839509962e+00
4.038565807658495288e+01 4.162903553049650895e+01
4.054784947448288790e+01 9.109541030543699680e-01
4.071004087238082292e+01 2.724038189270606125e+01
4.087223227027873662e+01 1.593425015892736063e+01
4.103442366817667875e+01 3.293421047235303689e+01
4.119661506607460666e+01 1.219181440809794914e+01
4.135880646397254168e+01 1.917251578665110046e+01
4.152099786187047670e+01 5.833549225684276252e+01
4.168318925976839751e+01 1.159116164727102039e+01
4.184538065766633252e+01 6.884465264155079645e+00
4.200757205556426754e+01 4.577937713498963745e+01
4.216976345346220256e+01 3.458870172117860076e+00
4.233195485136013048e+01 8.138291404756760272e+00
4.249414624925807260e+01 4.112575728348730308e+01
4.265633764715599341e+01 4.443001535970324767e+01
4.281852904505392843e+01 5.074272012794310172e+01
4.298072044295186345e+01 4.614048611889430163e+00
4.314291184084979136e+01 1.974026851067045030e+01
4.330510323874773349e+01 1.205727515097533953e+01
4.346729463664564719e+01 8.875623763444030700e+00
4.362948603454358221e+01 1.791545763756350107e+00
4.379167743244151723e+01 1.300031713418177937e+01
4.395386883033945224e+01 7.368706171703009566e+00
4.411606022823738016e+01 2.344263156203000076e+00
4.427825162613530807e+01 1.083424915445026038e+01
4.444044302403324309e+01 1.842072777419803131e+01
4.460263442193117100e+01 5.946377933502981250e+01
4.476482581982911313e+01 5.361900348048224885e+01
4.492701721772704104e+01 1.069335605987446058e+01
4.508920861562496896e+01 1.404816593751836962e+01
4.525140001352289687e+01 6.980185996395243819e+01
4.541359141142083189e+01 1.137197556592616507e+02
4.557578280931875980e+01 7.430966834158970080e+00
4.573797420721668772e+01 3.713871298101820173e+01
4.590016560511462984e+01 2.541489612540138054e+01
4.606235700301255775e+01 6.793051045466005178e+01
4.622454840091049277e+01 7.256032479597963913e+01
4.638673979880842069e+01 6.804026688225161479e+01
4.654893119670634860e+01 1.361176946944024024e+01
4.671112259460427651e+01 5.274865662846991654e+01
4.687331399250221864e+01 3.554255456152790771e+01
4.703550539040014655e+01 6.954690528586216658e+01
4.719769678829806736e+01 2.275325200201479277e+02
4.735988818619600949e+01 1.178133165215544054e+01
4.752207958409393740e+01 1.832268519122323980e+01
4.768427098199187242e+01 5.476949316284787983e+01
4.784646237988980744e+01 8.030631617589969906e+00
4.800865377778774246e+01 3.386784044168909880e+00
4.817084517568566326e+01 3.939591658759516690e+01
4.833303657358359828e+01 4.081583580944429634e+00
4.849522797148153330e+01 3.579319973348791706e+01
4.865741936937946122e+01 8.817284527331480604e+00
4.881961076727738913e+01 9.764467852200310105e+00
4.898180216517531704e+01 8.340459488903039897e+00
4.914399356307325206e+01 4.497264900117691866e+01
4.930618496097118708e+01 4.683023090123011656e+01
4.946837635886912210e+01 2.247617043078890209e+00
4.963056775676705001e+01 1.025868869188177079e+01
4.979275915466497793e+01 9.833170554539110597e+00
4.995495055256291295e+01 1.436687752477756064e+01
5.011714195046084797e+01 5.266217304794108145e+01
5.027933334835878298e+01 3.642834684853419702e+01
5.044152474625671090e+01 7.520275165933790085e+00
5.060371614415463881e+01 7.978092928091320424e+00
5.076590754205256673e+01 4.043752820815210036e+00
5.092809893995050174e+01 1.257073687733993061e+01
5.109029033784843676e+01 1.043645045027609974e+01
5.125248173574635757e+01 4.092955899934340280e+00
5.141467313364429970e+01 1.505876811104701041e+01
5.157686453154222761e+01 9.455386051085900689e+00
5.173905592944016263e+01 2.271622038854599901e-01
5.190124732733809054e+01 3.683107798488099993e-01
5.206343872523603267e+01 1.971779348372448837e+01
5.222563012313396058e+01 8.923177256638519239e+00
5.238782152103188139e+01 8.771514299734050724e+00
5.255001291892982351e+01 2.940542702180297852e+01
5.271220431682775143e+01 7.206532953787229800e+00
5.287439571472567934e+01 1.776557351037774168e+01
5.303658711262360725e+01 2.996317607864280141e+00
5.319877851052154938e+01 3.917509329364810000e+00
5.336096990841947019e+01 5.956319801522275270e+01
5.352316130631741231e+01 4.361606505977478321e+01
5.368535270421534022e+01 1.253843775414009931e+00
5.384754410211328235e+01 1.626988551427422891e+01
5.400973550001120316e+01 7.265358944663559804e+00
5.417192689790913107e+01 1.689213778276918987e+01
5.433411829580707320e+01 1.732740981217162002e+01
5.449630969370498690e+01 1.183816115241146072e+01
5.465850109160292902e+01 2.312928738492539882e+00
5.482069248950085694e+01 9.569300933206719151e+00
5.498288388739879196e+01 2.992204900677040147e+00
5.514507528529671987e+01 7.233407925130539873e+00
5.530726668319464778e+01 9.414930065273109605e+00
5.546945808109258280e+01 4.443820121586000149e-01
5.563164947899051782e+01 3.335468712310369899e+00
5.579384087688845284e+01 1.052008635812379911e+00
5.595603227478638075e+01 6.918883229319369832e+00
5.611822367268430867e+01 1.377182230750442038e+01
5.628041507058223658e+01 1.750390526723577977e+01
5.644260646848017871e+01 1.109145472275370992e+01
5.660479786637810662e+01 5.020736511509600319e+00
5.676698926427604164e+01 2.658080595621137832e+01
5.692918066217396955e+01 5.924832435291999683e-02
5.709137206007189747e+01 3.947971366507569968e+00
5.725356345796983248e+01 6.002936369227300339e+00
5.741575485586776750e+01 7.233170251794489580e+00
5.757794625376570252e+01 9.145116301004319936e+00
5.774013765166362333e+01 9.403657833584729175e+00
5.790232904956155835e+01 1.000125606044463034e+01
5.806452044745949337e+01 3.613050403614059825e+00
5.822671184535742128e+01 1.613774171714779015e+01
5.838890324325536341e+01 2.904544008779006958e+01
5.855109464115329132e+01 1.662635023641799992e-01
5.871328603905121213e+01 1.791282147821879889e+01
5.887547743694914715e+01 8.441429400557089124e+00
5.903766883484708217e+01 2.386280787297328132e+01
5.919986023274501008e+01 7.408309420627579911e+00
5.936205163064295220e+01 2.598789421802230137e+01
5.952424302854087301e+01 1.070649732795923015e+01
5.968643442643880093e+01 2.458226980562089992e+00
5.984862582433674305e+01 2.687497102558543105e+01
6.001081722223467096e+01 3.043309823307239981e+00
6.017300862013261309e+01 4.719806221431790405e+00
6.033520001803052679e+01 1.696116814147530016e+00
6.049739141592846181e+01 8.709854189944099545e-01
6.065958281382639683e+01 9.378243167548600212e+00
6.082177421172431764e+01 3.627462452482309807e+00
6.098396560962225976e+01 6.684975649889359772e+00
6.114615700752018768e+01 1.528535252184519910e+00
6.130834840541812270e+01 9.140477713604799881e-01
6.147053980331605061e+01 4.324079912572689643e+00
6.163273120121397852e+01 5.784942526920000203e-03
6.179492259911192065e+01 1.495130660091436958e+01
6.195711399700984856e+01 1.194040620044714984e+01
6.211930539490777647e+01 2.154177874849250163e+00
6.228149679280571149e+01 5.583688244667910361e+00
6.244368819070363941e+01 3.123396265676670058e+00
6.260587958860156732e+01 7.367462641668369727e+00
6.276807098649950944e+01 3.755358310869719940e+00
6.293026238439743736e+01 2.313595744290475054e+01
6.309245378229537238e+01 3.730900210335450051e+00
6.325464518019330029e+01 1.277663771813043958e+01
6.341683657809122820e+01 1.338264935996823013e+01
6.357902797598917033e+01 1.977776328037363029e+01
6.374121937388709824e+01 1.200985195197099981e-01
6.390341077178503326e+01 4.658224089403949719e+00
6.406560216968296118e+01 4.147769220412929947e+00
6.422779356758088909e+01 1.351965501160299965e+01
6.438998496547881700e+01 6.665584806192200062e+00
6.455217636337675913e+01 2.233832067730399940e-01
6.471436776127468704e+01 1.228920049094800016e+00
6.487655915917261495e+01 3.371622138139040104e+00
6.503875055707055708e+01 1.388069145259165005e+01
6.520094195496848499e+01 6.563693733941399877e+00
6.536313335286639870e+01 5.002742777671890018e+00
6.552532475076434082e+01 9.739181851422909375e+00
6.568751614866226873e+01 5.475322478084800437e+00
6.584970754656019665e+01 5.554828226615740050e+00
6.601189894445813877e+01 3.145388573735159898e+00
6.617409034235606669e+01 1.163451333451440028e+00
6.633628174025399460e+01 2.585086377693079918e+00
6.649847313815193672e+01 2.006637643234109980e+00
6.666066453604986464e+01 7.340994473806700116e-01
6.682285593394779255e+01 3.923722230114150111e+00
6.698504733184573467e+01 2.888060441377666976e+01
6.714723872974364838e+01 5.589918801998440046e+00
6.730943012764157629e+01 3.948582198064929827e+00
6.747162152553951842e+01 1.443541777850411023e+01
6.763381292343744633e+01 9.566136546939109309e+00
6.779600432133538845e+01 8.212984804624410273e+00
6.795819571923331637e+01 2.476871559100950027e+00
6.812038711713124428e+01 7.957926264137729966e+00
6.828257851502918641e+01 1.952863857261120106e+00
6.844476991292711432e+01 4.892419866495200331e+00
6.860696131082504223e+01 1.902684159484908832e+01
6.876915270872298436e+01 7.578008314277200341e+00
6.893134410662089806e+01 1.986813056955649914e+00
6.909353550451882597e+01 4.669142769595070241e+00
6.925572690241676810e+01 2.316944779129149978e+00
6.941791830031469601e+01 8.919717962712020665e+00
6.958010969821262393e+01 1.550676590332920046e+00
6.974230109611056605e+01 2.877989064122119967e+00
6.990449249400849396e+01 7.250002232636999777e-02
7.006668389190642188e+01 1.798678557922249954e+00
7.022887528980436400e+01 2.001556398320906993e+01
7.039106668770229192e+01 1.210244034610495945e+01
7.055325808560021983e+01 1.215231833350397039e+01
7.071544948349814774e+01 1.725187803941354048e+01
7.087764088139607566e+01 3.869309766187703303e+01
7.103983227929400357e+01 8.683861658202429723e+00
7.120202367719194569e+01 5.785854044826499454e-01
7.136421507508987361e+01 1.023689325883188062e+01
7.152640647298780152e+01 1.979516052306959928e+00
7.168859787088574365e+01 2.177242293765288039e+01
7.185078926878367156e+01 1.256720669553220038e+00
7.201298066668159947e+01 1.522463386097590021e+00
7.217517206457954160e+01 3.546646975284100112e+00
7.233736346247746951e+01 1.744240125779474937e+01
7.249955486037539742e+01 8.498871133483069329e+00
7.266174625827332534e+01 1.472240278543478986e+01
7.282393765617125325e+01 1.908999166691460081e+00
7.298612905406919538e+01 1.178222436370037052e+01
7.314832045196712329e+01 1.406835166116580105e+00
7.331051184986505120e+01 1.038874842477099936e-01
7.347270324776299333e+01 3.429136525631714960e+01
7.363489464566092124e+01 4.325757410665639568e+00
7.379708604355884916e+01 4.073271981472320391e+00
7.395927744145679128e+01 3.226432425185350183e+01
7.412146883935471919e+01 1.468772225457058944e+01
7.428366023725263290e+01 1.006671786039089911e+00
7.444585163515057502e+01 8.272188844338959512e+00
7.460804303304850293e+01 7.033366165893809807e+00
7.477023443094643085e+01 1.834105389650424911e+01
7.493242582884437297e+01 1.325529199053999962e-01
7.509461722674230089e+01 9.985807343833059235e+00
7.525680862464022880e+01 8.401434272661189695e+00
7.541900002253817092e+01 1.550143348622808936e+01
7.558119142043609884e+01 1.424637699393577073e+01
7.574338281833402675e+01 6.724537273419900485e-01
7.590557421623196888e+01 1.062702898832939891e+00
7.606776561412988258e+01 7.443586692470230304e+00
7.622995701202781049e+01 8.498619201283600377e-01
7.639214840992575262e+01 3.465177157555999754e-01
7.655433980782368053e+01 1.008609109464009945e+00
7.671653120572162265e+01 5.192513595086939659e+00
7.687872260361955057e+01 4.057705788125810287e+00
7.704091400151747848e+01 2.806833047741279952e+00
7.720310539941542061e+01 7.754171948351009647e+00
7.736529679731334852e+01 2.664419020889019940e+00
7.752748819521127643e+01 1.007282760367363927e+01
7.768967959310921856e+01 8.413007222165800769e+00
7.785187099100713226e+01 5.922258705937299972e-01
7.801406238890506017e+01 2.742713929491340075e+00
7.817625378680300230e+01 1.455581548558427052e+01
7.833844518470093021e+01 7.117483771387409952e+00
7.850063658259885813e+01 8.135092824521759525e+00
7.866282798049680025e+01 5.714656520290589903e+00
7.882501937839472816e+01 6.359654797212200172e+00
7.898721077629265608e+01 3.783925431565089870e+00
7.914940217419059820e+01 7.177141391138000537e-02
7.931159357208852612e+01 1.962974455544564023e+01
7.947378496998645403e+01 1.525494689361079992e+01
7.963597636788438194e+01 4.433879998927600097e-01
7.979816776578230986e+01 1.326510049470305042e+01
7.996035916368023777e+01 1.463286865412739068e+01
8.012255056157817990e+01 6.317972689854099988e-01
8.028474195947610781e+01 3.714000044297999931e-02
8.044693335737403572e+01 4.917785269394159720e+00
8.060912475527197785e+01 1.960753954086420059e+00
8.077131615316990576e+01 4.111341519218800200e-01
8.093350755106784788e+01 2.910387833230899890e+00
8.109569894896577580e+01 4.432292153637780174e+00
8.125789034686370371e+01 2.155817978387835865e+01
8.142008174476163163e+01 9.275161283786010458e+00
8.158227314265955954e+01 1.173833955091028081e+01
8.174446454055748745e+01 3.837813253907300104e-01
8.190665593845542958e+01 2.643918630638680156e+00
8.206884733635335749e+01 7.342535381632500080e-01
8.223103873425128540e+01 1.932185377068624987e+01
8.239323013214922753e+01 6.964269802059890324e+00
8.255542153004715544e+01 6.345499955805330217e+00
8.271761292794508336e+01 3.595754915695399956e-01
8.287980432584302548e+01 3.194469182125299955e+00
8.304199572374095339e+01 2.435516211842169820e+00
8.320418712163888131e+01 7.703785438438769617e+00
8.336637851953680922e+01 3.007190378223339788e+00
8.352856991743473714e+01 1.381268433539309948e+00
8.369076131533266505e+01 4.306696304947849718e+00
8.385295271323060717e+01 3.583239564472390004e+00
8.401514411112853509e+01 1.017529019424600056e+00
8.417733550902646300e+01 1.557098841266427947e+01
8.433952690692440513e+01 1.079833130607192970e+01
8.450171830482233304e+01 7.404649845776069661e+00
8.466390970272026095e+01 2.155812123753229947e+00
8.482610110061820308e+01 7.601132146270270340e+00
8.498829249851613099e+01 3.185867690671429830e+00
8.515048389641404469e+01 4.920510418343390313e+00
8.531267529431198682e+01 3.666737372825999985e-01
8.547486669220991473e+01 1.670381069576169963e+01
8.563705809010785686e+01 1.111047546289879051e+01
8.579924948800578477e+01 1.619917260088957889e+01
8.596144088590371268e+01 5.892128971065200282e-01
8.612363228380165481e+01 2.074371582254050050e+00
8.628582368169958272e+01 9.439780752628319505e+00
8.644801507959751063e+01 2.393173741513720199e+00
8.661020647749545276e+01 2.414254287772839902e+00
8.677239787539336646e+01 7.461262221002120221e+00
8.693458927329129438e+01 1.222234916343319933e+00
8.709678067118923650e+01 5.530331311966399932e-01
8.725897206908716441e+01 2.109663040102806875e+01
8.742116346698509233e+01 1.371281304080210095e+00
8.758335486488303445e+01 1.957231956317490029e+00
8.774554626278096237e+01 3.155501133384590151e+00
8.790773766067889028e+01 1.185689423791510100e+00
8.806992905857683240e+01 3.306041934546950056e+00
8.823212045647476032e+01 8.085714326500000352e-04
8.839431185437268823e+01 8.215312509658900808e+00
8.855650325227061614e+01 1.187745448386207947e+01
8.871869465016854406e+01 2.184718733650920175e+00
8.888088604806647197e+01 7.804737363292860053e+00
8.904307744596441410e+01 5.867873855649840209e+00
8.920526884386234201e+01 1.140919830283318959e+01
8.936746024176026992e+01 4.813397329530599844e-01
8.952965163965821205e+01 1.291287169887060049e+00
8.969184303755613996e+01 5.557724964228049735e+00
8.985403443545408209e+01 2.210228781413380084e+00
9.001622583335201000e+01 8.254374379440610809e+00
9.017841723124993791e+01 3.003646082974820164e+00
9.034060862914786583e+01 9.323735875147999563e-02
9.050280002704579374e+01 7.526261080517559598e+00
9.066499142494372165e+01 2.125809180858920122e+00
9.082718282284166378e+01 1.719116914943799868e-01
9.098937422073959169e+01 8.872323951138870513e+00
9.115156561863751961e+01 2.195408334753300217e+00
9.131375701653546173e+01 5.322538477794219958e+00
9.147594841443338964e+01 1.317441576644190038e+00
9.163813981233131756e+01 3.431415527579429803e+00
9.180033121022925968e+01 8.452086310381979217e+00
9.196252260812718760e+01 7.413849156289860076e+00
9.212471400602511551e+01 2.965243068739949805e+00
9.228690540392304342e+01 2.270558694488579832e+00
9.244909680182097134e+01 1.962614784172580062e+00
9.261128819971889925e+01 2.238842630154330848e+01
9.277347959761684137e+01 9.948317342310170730e+00
9.293567099551476929e+01 4.536864262651749691e+00
9.309786239341269720e+01 3.207003642996160142e+00
9.326005379131063933e+01 1.557553975332419904e+00
9.342224518920856724e+01 6.757618036485599777e-01
9.358443658710649515e+01 7.218026249928899851e+00
9.374662798500443728e+01 1.132627306366569941e+00
9.390881938290236519e+01 9.518132937475320077e+00
9.407101078080029311e+01 1.670475406364275983e+01
9.423320217869822102e+01 3.227130693419597662e+01
9.439539357659614893e+01 3.038218567112523161e+01
9.455758497449409106e+01 5.021635320161264104e+01
9.471977637239201897e+01 2.233989670195714083e+01
9.488196777028994688e+01 1.948306423706930079e+00
9.504415916818788901e+01 2.993129289982208974e+01
9.520635056608581692e+01 1.219958335527893034e+01
9.536854196398374484e+01 2.750822172992800074e-01
9.553073336188168696e+01 2.793233484305471137e+01
9.569292475977961487e+01 9.724681902726770133e+00
9.585511615767752858e+01 5.165421986256009568e+00
9.601730755557547070e+01 2.240583080448138986e+01
9.617949895347339861e+01 5.553957099612870429e+00
9.634169035137132653e+01 1.002683087816770957e+01
9.650388174926926865e+01 8.830376274201999498e-02
9.666607314716719657e+01 2.631953686119399838e-01
9.682826454506512448e+01 8.003726742179859244e+00
9.699045594296306660e+01 4.445899388267339880e+00
9.715264734086099452e+01 3.185458291601240166e+00
9.731483873875892243e+01 1.425713068546029971e+00
9.747703013665686456e+01 1.322360643404939973e+00
9.763922153455477826e+01 8.467290727992200505e-01
9.780141293245270617e+01 4.100829523363840323e+00
9.796360433035064830e+01 2.074783678807500031e+00
9.812579572824857621e+01 2.154366469847079912e+00
9.828798712614650412e+01 4.598767890403030023e+00
9.845017852404444625e+01 2.325294799573020210e+00
9.861236992194237416e+01 1.649946986085357992e+01
9.877456131984031629e+01 8.166024682590609984e+00
9.893675271773824420e+01 2.485788928649840024e+00
9.909894411563617211e+01 1.645457465913839901e+00
9.926113551353410003e+01 2.999943878888120086e+00
9.942332691143202794e+01 1.863351478472450085e+00
9.958551830932995585e+01 4.077331871725500267e-01
9.974770970722789798e+01 5.199304077993009976e+00
9.990990110512582589e+01 4.048931277313250199e+00
1.000720925030237538e+02 3.070771681646559781e+00
1.002342839009216959e+02 9.244509520693570792e+00
1.003964752988196238e+02 1.343917429246479944e+00
1.005586666967175518e+02 4.334753189420180064e+00
1.007208580946154939e+02 8.081950118928990179e+00
1.008830494925134218e+02 1.835180372712180041e+00
1.010452408904113497e+02 6.046326290947879656e+00
1.012074322883092776e+02 6.498107592279999713e-03
1.013696236862072055e+02 9.796015908629499558e-01
1.015318150841051335e+02 2.913487773626000088e-02
1.016940064820030756e+02 4.984363046563779598e+00
1.018561978799010035e+02 2.079935342732150083e+00
1.020183892777989314e+02 3.766676501501990071e+00
1.021805806756968735e+02 1.469714853581347924e+01
1.023427720735948014e+02 1.587870109120260054e+00
1.025049634714927294e+02 1.577466523149258926e+01
1.026671548693906715e+02 5.713052841649299829e-01
1.028293462672885994e+02 8.803478177555000561e-02
1.029915376651865273e+02 2.886619567646549811e+00
1.031537290630844552e+02 1.505567321071900055e+00
1.033159204609823831e+02 6.552518307838759881e+00
1.034781118588803253e+02 1.116262175041980065e+01
1.036403032567782532e+02 4.986354932098199799e-01
1.038024946546761811e+02 5.620889947867400149e-01
1.039646860525741232e+02 8.834732115884079917e+00
1.041268774504720511e+02 1.767131992170009935e+00
1.042890688483699790e+02 1.148580048125579900e+00
1.044512602462679212e+02 3.611163115036600257e-01
1.046134516441658491e+02 4.082232453523239712e+00
1.047756430420637628e+02 2.864256351343200113e-01
1.049378344399617049e+02 8.477312839002300038e+00
1.051000258378596328e+02 1.114731180877869932e+00
1.052622172357575607e+02 8.331083268264999342e-02
1.054244086336555029e+02 4.793948715958119777e+00
1.055866000315534308e+02 7.878145111009669854e+00
1.057487914294513587e+02 1.417391915038643013e+01
1.059109828273493008e+02 7.856793193652709562e+00
1.060731742252472287e+02 3.578394331959890096e+00
1.062353656231451566e+02 1.776883074027396958e+01
1.063975570210430988e+02 3.991306537821880163e+00
1.065597484189410125e+02 1.520154919478824063e+01
1.067219398168389404e+02 3.834953200016419927e+00
1.068841312147368825e+02 5.238377014654640007e+00
1.070463226126348104e+02 3.445403416405800057e-01
1.072085140105327525e+02 8.390230388041990395e+00
1.073707054084306804e+02 1.446944350574719929e+00
1.075328968063286084e+02 2.439681657521679981e+00
1.076950882042265505e+02 2.011477689209059783e+00
1.078572796021244784e+02 8.190238932071389755e+00
1.080194710000224063e+02 6.840007027538289819e+00
1.081816623979203484e+02 2.670348395073229852e+00
1.083438537958182621e+02 4.052484015828800024e-01
1.085060451937161901e+02 3.410411638229129849e+00
1.086682365916141322e+02 3.801622682016830179e+00
1.088304279895120601e+02 6.882615956481050290e+00
1.089926193874099880e+02 1.579489803958119998e+00
1.091548107853079301e+02 2.458415816564000003e-02
1.093170021832058580e+02 4.162597286988100054e-01
1.094791935811037860e+02 3.211597714328509934e+00
1.096413849790017281e+02 6.902380321092099758e-01
1.098035763768996560e+02 2.908550910830019820e+00
1.099657677747975839e+02 3.091520884220349874e+00
1.101279591726955118e+02 1.663796866956883136e+01
1.102901505705934397e+02 8.450425065815789338e+00
1.104523419684913677e+02 5.696939374203600082e-01
1.106145333663893098e+02 1.009347239350490089e+00
1.107767247642872377e+02 3.340661277855199729e-01
1.109389161621851656e+02 4.116977428937030226e+00
1.111011075600831077e+02 3.354306652851319903e+00
1.112632989579810356e+02 1.947051994493800009e-01
1.114254903558789636e+02 3.800067133316999968e+00
1.115876817537769057e+02 9.450911877841700059e-01
1.117498731516748336e+02 9.215543421190769635e+00
1.119120645495727615e+02 1.202808661856560102e+00
1.120742559474706894e+02 8.635080862674999747e-01
1.122364473453686173e+02 1.078092045225523954e+01
1.123986387432665595e+02 8.273025383214470452e+00
1.125608301411644874e+02 5.396844136264500325e-01
1.127230215390624153e+02 5.230757121191100367e+00
1.128852129369603574e+02 3.664020026657570206e+00
1.130474043348582853e+02 2.030873876626299868e-01
1.132095957327562132e+02 3.220156981827099751e-01
1.133717871306541554e+02 3.096035395681029811e+00
1.135339785285520833e+02 9.012492002093459575e+00
1.136961699264499970e+02 1.913702507909359918e+00
1.138583613243479391e+02 5.680960449930599898e-01
1.140205527222458670e+02 4.632210318793100079e+00
1.141827441201437949e+02 1.957804153772169986e+00
1.143449355180417371e+02 5.907132657997870240e+00
1.145071269159396650e+02 6.467771416965070408e+00
1.146693183138375929e+02 4.594546620755929567e+00
1.148315097117355350e+02 5.084358466005399757e-01
1.149937011096334629e+02 7.991128608700090119e+00
1.151558925075313908e+02 8.426356075067539919e+00
1.153180839054293330e+02 2.649390952641859975e+00
1.154802753033272467e+02 1.973277055065330021e+00
1.156424667012251746e+02 5.658792996663470021e+00
1.158046580991231167e+02 7.463389698102600445e-01
1.159668494970210446e+02 3.242415792031099753e-01
1.161290408949189867e+02 2.668475391070959990e+00
1.162912322928169147e+02 8.385262577513999394e-02
1.164534236907148426e+02 4.021871491225059714e+00
1.166156150886127847e+02 1.304023971370703983e+01
1.167778064865107126e+02 2.702116198939290115e+00
1.169399978844086405e+02 4.388521121299089778e+00
1.171021892823065826e+02 1.516332015471379968e+00
1.172643806802044963e+02 4.482097062949839561e+00
1.174265720781024243e+02 9.454546433806400030e-01
1.175887634760003664e+02 6.478389611418720051e+00
1.177509548738982943e+02 1.256739316927341932e+01
1.179131462717962222e+02 1.637892367467119970e+00
1.180753376696941643e+02 5.702112611911090312e+00
1.182375290675920922e+02 6.915280201430900053e-01
1.183997204654900202e+02 2.604308398190299800e-01
1.185619118633879623e+02 1.089006158505900101e+00
1.187241032612858902e+02 7.420882229998290391e+00
1.188862946591838181e+02 2.284298139957199880e-01
1.190484860570817460e+02 8.755969028417099898e-01
1.192106774549796739e+02 6.178134422222699706e-01
1.193728688528776019e+02 8.979927951895339433e+00
1.195350602507755440e+02 5.879054869058200072e-01
1.196972516486734719e+02 4.516531441692349880e+00
1.198594430465713998e+02 3.113840701659219778e+00
1.200216344444693419e+02 6.880283792256999820e-02
1.201838258423672698e+02 3.794406479067149895e+00
1.203460172402652120e+02 2.094203147654039920e+00
1.205082086381631399e+02 3.080903926629499967e+00
1.206704000360610678e+02 4.577798390466240264e+00
1.208325914339589957e+02 6.999823690638120155e+00
1.209947828318569236e+02 2.691097424661359927e+00
1.211569742297548515e+02 2.485711561928450219e+00
1.213191656276527937e+02 9.444484881634480189e+00
1.214813570255507216e+02 5.861601125000960089e+00
1.216435484234486495e+02 8.922022594677169849e+00
1.218057398213465916e+02 3.484568553270369851e+00
1.219679312192445195e+02 2.622138787448319963e+00
1.221301226171424616e+02 6.028683384888510410e+00
1.222923140150403754e+02 1.569295438096300066e-01
1.224545054129383175e+02 2.676427020846700033e-01
1.226166968108362454e+02 1.015045986112089960e+00
1.227788882087341591e+02 6.558454575090999938e+00
1.229410796066321012e+02 1.032650883155232080e+01
1.231032710045300433e+02 1.304470673939869929e+00
1.232654624024279570e+02 2.286018803531499888e+00
1.234276538003258992e+02 2.620029704734439857e+00
1.235898451982238413e+02 1.685085180499509949e+00
1.237520365961217550e+02 1.871247340620820099e+00
1.239142279940196971e+02 3.809741207840999788e-01
1.240764193919176392e+02 2.752600845336299784e+00
1.242386107898155529e+02 1.468905275116179965e+00
1.244008021877134809e+02 6.536651561235389707e+00
1.245629935856114230e+02 2.580489003991639940e+00
1.247251849835093367e+02 1.052963279550449993e+00
1.248873763814072788e+02 5.854352551392910442e+00
1.250495677793052209e+02 3.555866396438769783e+00
1.252117591772031346e+02 2.085077763856900024e+00
1.253739505751010768e+02 1.196311129011490060e+00
1.255361419729990189e+02 2.536823117953090012e+00
1.256983333708969326e+02 1.758221266556279971e+00
1.258605247687948747e+02 4.396383386347629596e+00
1.260227161666928168e+02 1.317619766585659935e+00
1.261849075645907305e+02 5.078777772051199513e-01
1.263470989624886585e+02 5.889051832402270037e+00
1.265092903603866006e+02 4.871191801682120293e+00
1.266714817582845143e+02 1.332544452845769944e+00
1.268336731561824564e+02 3.705438190410709876e+00
1.269958645540803985e+02 1.949242943428199926e+00
1.271580559519783407e+02 7.328995464466980359e+00
1.273202473498762544e+02 9.700872067338700555e-01
1.274824387477741965e+02 3.264935564758720155e+00
1.276446301456721386e+02 8.750868472318600322e-01
1.278068215435700523e+02 1.509448891237100132e-01
1.279690129414679802e+02 2.158216994400460109e+00
1.281312043393659224e+02 8.865591795944499642e-01
1.282933957372638361e+02 1.985922586081880103e+00
1.284555871351617782e+02 1.257499859524590091e+00
1.286177785330597203e+02 2.217721372578000061e+00
1.287799699309576340e+02 1.402422182540247064e+01
1.289421613288555761e+02 8.567363039070439612e+00
1.291043527267535183e+02 2.249810544158640013e+00
1.292665441246514320e+02 7.088452290266600286e-01
1.294287355225493741e+02 4.190422545584439717e+00
1.295909269204473162e+02 2.157963243913099960e-01
1.297531183183452299e+02 3.913133654488869961e+00
1.299153097162431720e+02 4.451699858884800021e-01
1.300775011141411142e+02 8.377782282329799823e-01
1.302396925120390279e+02 7.510282871399200033e+00
1.304018839099369700e+02 3.071254695428199954e-01
1.305640753078348837e+02 5.422876195953840295e+00
1.307262667057327974e+02 2.284378122805239997e+00
1.308884581036307395e+02 4.690353040790640193e+00
1.310506495015286816e+02 1.812797535644830038e+00
1.312128408994265953e+02 2.076161502942799886e-01
1.313750322973245375e+02 4.307374802050490281e+00
1.315372236952224796e+02 4.870394651133300279e+00
1.316994150931203933e+02 7.886164035593400401e-01
1.318616064910183354e+02 8.917882426329850176e+00
1.320237978889162775e+02 3.909397236437299750e-01
1.321859892868141912e+02 3.247413389257970184e+00
1.323481806847121334e+02 1.131182384046689915e+00
1.325103720826100755e+02 1.308972919473530006e+00
1.326725634805079892e+02 2.765443158720040095e+00
1.328347548784059313e+02 1.739906601418049981e+00
1.329969462763038734e+02 2.500057474206430097e+00
1.331591376742017871e+02 3.013126887116380104e+00
1.333213290720997293e+02 2.024029336159249848e+00
1.334835204699976714e+02 1.985674577808679953e+00
1.336457118678955851e+02 5.992905378520999721e-02
1.338079032657935272e+02 6.720575761334399711e-01
1.339700946636914693e+02 1.576804030163480030e+00
1.341322860615893831e+02 1.624127127216500044e-01
1.342944774594872968e+02 5.880879219235199962e-01
1.344566688573852389e+02 2.102848391936960049e+00
1.346188602552831526e+02 4.936799453581140362e+00
1.347810516531810947e+02 3.769192619104099751e-01
1.349432430510790368e+02 1.060173273869063948e+01
1.351054344489769505e+02 4.052424568105809755e+00
1.352676258468748927e+02 3.797521314634780154e+00
1.354298172447728348e+02 9.769457416704599995e-01
1.355920086426707769e+02 5.768375123554599915e-01
1.357542000405686906e+02 9.910409577485239652e+00
1.359163914384666327e+02 3.037403567925660131e+00
1.360785828363645749e+02 5.084151527007230165e+00
1.362407742342624886e+02 2.345614404580150136e+00
1.364029656321604307e+02 1.570525022515585967e+01
1.365651570300583728e+02 9.920135263164750583e+00
1.367273484279562865e+02 5.466580602009699641e-01
1.368895398258542286e+02 1.671522492650959979e+00
1.370517312237521708e+02 6.554021152917499649e-01
1.372139226216500845e+02 2.186039226128190016e+00
1.373761140195480266e+02 8.005808129338199963e-01
1.375383054174459687e+02 1.055390140323340109e+00
1.377004968153438824e+02 5.938131860287599872e-01
1.378626882132417961e+02 7.626718602734089636e+00
1.380248796111397382e+02 9.621739450191100218e-01
1.381870710090376519e+02 2.775988561691209888e+00
1.383492624069355941e+02 2.712634344317020219e+00
1.385114538048335362e+02 7.034733718718999551e-01
1.386736452027314499e+02 7.767174343005610382e+00
1.388358366006293920e+02 4.810529904827199665e+00
1.389980279985273341e+02 8.844182113048999483e-01
1.391602193964252479e+02 1.306838303344820096e+00
1.393224107943231900e+02 2.680472630419440172e+00
1.394846021922211321e+02 1.823063527679960050e+00
1.396467935901190458e+02 1.637578032651900051e+00
1.398089849880169879e+02 1.764902276318319974e+00
1.399711763859149301e+02 4.589638128246639859e+00
1.401333677838128438e+02 1.287154978485999912e+01
1.402955591817107859e+02 1.605949835946481130e+01
1.404577505796087280e+02 1.065408190687020085e+00
1.406199419775066417e+02 9.541816728606999920e-02
1.407821333754045838e+02 1.167927383566919941e+00
1.409443247733025260e+02 9.384528729629320054e+00
1.411065161712004397e+02 6.620328806255010079e+00
1.412687075690983818e+02 2.055394209920499815e+00
1.414308989669962955e+02 1.502809062466334034e+01
1.415930903648942092e+02 8.762884788031559680e+00
1.417552817627921513e+02 1.216410614788818023e+01
1.419174731606900934e+02 2.196595875336899983e-01
1.420796645585880071e+02 9.640312165362200147e+00
1.422418559564859493e+02 4.125466131806639680e+00
1.424040473543838914e+02 4.190841719555169931e+00
1.425662387522818051e+02 2.059170100251800084e-01
1.427284301501797472e+02 8.119275884024299561e-01
1.428906215480776893e+02 5.563797802341400311e-01
1.430528129459756030e+02 4.421917215191199624e+00
1.432150043438735452e+02 2.060327210388789965e+00
1.433771957417714873e+02 1.295971196001000081e-01
1.435393871396694010e+02 2.026739738152960157e+00
1.437015785375673431e+02 6.564918672282270329e+00
1.438637699354652852e+02 9.876763671045699633e-01
1.440259613333631989e+02 1.152187874662139899e+00
1.441881527312611411e+02 1.987375613697000068e-02
1.443503441291590832e+02 1.195371865080461049e+01
1.445125355270570253e+02 8.337327909213100297e-01
1.446747269249549390e+02 1.895582221567800041e-01
1.448369183228528811e+02 2.186618811170500110e-01
1.449991097207507948e+02 1.169528274648324917e+01
1.451613011186487086e+02 8.343057689293299495e-01
1.453234925165466507e+02 8.936899702252100175e-01
1.454856839144445928e+02 4.260652573532889953e+00
1.456478753123425065e+02 5.389988592395689615e+00
1.458100667102404486e+02 4.133297625369020345e+00
1.459722581081383908e+02 5.436784353764649858e+00
1.461344495060363045e+02 4.885079498572180157e+00
1.462966409039342466e+02 2.010358995791840186e+00
1.464588323018321887e+02 1.593825892248809994e+00
1.466210236997301024e+02 2.195582171981139918e+00
1.467832150976280445e+02 9.631609623599800551e-01
1.469454064955259867e+02 2.080458074176709804e+00
1.471075978934239004e+02 6.288150968866379920e+00
1.472697892913218425e+02 8.891117216666490464e+00
1.474319806892197846e+02 1.237369648821680101e+00
1.475941720871176983e+02 1.295582819993730039e+00
1.477563634850156404e+02 4.563615115161730351e+00
1.479185548829135826e+02 8.178854936191100045e-01
1.480807462808114963e+02 2.425672883277690151e+00
1.482429376787094384e+02 4.645843930965400048e+00
1.484051290766073805e+02 3.756677885166869846e+00
1.485673204745052658e+02 1.202756628621469925e+00
1.487295118724032079e+02 3.767236988130699959e-01
1.488917032703011500e+02 4.729614443476520158e+00
1.490538946681990637e+02 2.887713607838440222e+00
1.492160860660970059e+02 6.210681233926639955e+00
1.493782774639949480e+02 4.638978064765519882e+00
1.495404688618928617e+02 2.967006527122499904e+00
1.497026602597908038e+02 4.948506785601580305e+00
1.498648516576887459e+02 1.347885619336770091e+00
1.500270430555866596e+02 1.481732492949549895e+00
1.501892344534846018e+02 3.021562468359889841e+00
1.503514258513825439e+02 1.519607981229400107e+00
1.505136172492804576e+02 3.517658145982209827e+00
1.506758086471783997e+02 8.137922900939199566e-01
1.508380000450763418e+02 4.833288932236809998e+00
1.510001914429742556e+02 3.020321495225819941e+00
1.511623828408721977e+02 8.491946536606399532e-01
1.513245742387701398e+02 2.907040654229899879e+00
1.514867656366680535e+02 1.816371294616579979e+00
1.516489570345659956e+02 1.290613303448228066e+01
1.518111484324639378e+02 5.334085832092000379e-01
1.519733398303618515e+02 2.358975578801330020e+00
1.521355312282597652e+02 6.008254766187709706e+00
1.522977226261577073e+02 9.335369067837000212e-02
1.524599140240556210e+02 5.740260892360690370e+00
1.526221054219535631e+02 5.929812301241030426e+00
1.527842968198515052e+02 2.841054353078229955e+00
1.529464882177494189e+02 7.601804542375300011e-01
1.531086796156473611e+02 1.690325134252169903e+00
1.532708710135453032e+02 5.136543994186809847e+00
1.534330624114432453e+02 4.062821342717110262e+00
1.535952538093411590e+02 6.499091029401220077e+00
1.537574452072391011e+02 2.644547538437600043e+00
1.539196366051370433e+02 1.437306606357489969e+00
1.540818280030349570e+02 5.339185695111700047e-01
1.542440194009328991e+02 2.141599957861969994e+00
1.544062107988308412e+02 1.257529598868919907e+00
1.545684021967287549e+02 6.082577877342399963e-01
1.547305935946266970e+02 6.326857823196029962e+00
1.548927849925246392e+02 2.686450956765119802e+00
1.550549763904225529e+02 6.078717288578119771e+00
1.552171677883204950e+02 7.146938855657849921e+00
1.553793591862184371e+02 4.797185315815200024e-01
1.555415505841163508e+02 3.814120587165120035e+00
1.557037419820142645e+02 2.652710654052030215e+00
1.558659333799122066e+02 8.534572114271999910e-01
1.560281247778101203e+02 1.336191017990840058e+00
1.561903161757080625e+02 1.989598935472790098e+00
1.563525075736060046e+02 4.979787657554399782e-01
1.565146989715039183e+02 2.757053048102600101e-01
1.566768903694018604e+02 2.038462322371609847e+00
1.568390817672998026e+02 2.950694277196799775e-01
1.570012731651977163e+02 2.795039483125310031e+00
1.571634645630956584e+02 1.192187772112510036e+00
1.573256559609936005e+02 1.398590180729559984e+00
1.574878473588915142e+02 3.675529233214749070e+01
1.576500387567894563e+02 1.101174799027829998e+00
1.578122301546873985e+02 4.981794532989439972e+00
1.579744215525853122e+02 1.982148199556829971e+00
1.581366129504832543e+02 1.402689844356281057e+01
1.582988043483811964e+02 2.409443457617920004e+00
1.584609957462791101e+02 7.013965404469999498e-01
1.586231871441770522e+02 5.610084205934939838e+00
1.587853785420749944e+02 2.348333900844299937e-01
1.589475699399729081e+02 1.849417827501570022e+00
1.591097613378708502e+02 7.982516384178199864e-01
1.592719527357687639e+02 7.259697230653159750e+00
1.594341441336666776e+02 2.654994997143230062e+00
1.595963355315646197e+02 9.309972245245500266e-01
1.597585269294625618e+02 1.268780482886179950e+00
1.599207183273604755e+02 5.850853790873809857e+00
1.600829097252584177e+02 1.806194380676660050e+00
1.602451011231563598e+02 8.902680173817000053e+00
1.604072925210542735e+02 1.791368800234900138e-01
1.605694839189522156e+02 2.271679974179579897e+00
1.607316753168501577e+02 3.871505042430329890e+00
1.608938667147480714e+02 5.122751470734930201e+00
1.610560581126460136e+02 3.261584800140330032e+00
1.612182495105439557e+02 8.231701485847390032e+00
1.613804409084418694e+02 1.165571179190610041e+00
1.615426323063398115e+02 4.036889446419159810e+00
1.617048237042377536e+02 6.124926629356399754e-01
1.618670151021356958e+02 2.396030979146480000e+00
1.620292065000336095e+02 3.709618433470899812e-01
1.621913978979315516e+02 2.802506038117399956e-01
1.623535892958294937e+02 1.547502200465250111e+00
1.625157806937274074e+02 1.311636869031929997e+00
1.626779720916253495e+02 5.316596806063000197e-02
1.628401634895232633e+02 4.917444281491200053e-01
1.630023548874211770e+02 4.936491862822099952e-01
1.631645462853191191e+02 4.410069965880549780e+00
1.633267376832170612e+02 1.182976106197759947e+00
1.634889290811149749e+02 1.477955423516129940e+01
1.636511204790129170e+02 7.386988045758899890e-01
1.638133118769108592e+02 6.047573193207069764e+00
1.639755032748087729e+02 2.940541444497999854e-02
1.641376946727067150e+02 1.305822549493180107e+00
1.642998860706046571e+02 2.533981834557859969e+00
1.644620774685025708e+02 4.638128513902199934e-01
1.646242688664005129e+02 1.130718970232879927e+00
1.647864602642984551e+02 3.661338894489590157e+00
1.649486516621963688e+02 1.210769251037419947e+00
1.651108430600943109e+02 2.966219804061709819e+00
1.652730344579922530e+02 2.398456947450199994e+00
1.654352258558901667e+02 5.919382916917099724e-01
1.655974172537881088e+02 2.040839454809300069e-01
1.657596086516860510e+02 8.040073560778239425e+00
1.659218000495839647e+02 9.331402440713300050e-01
1.660839914474819068e+02 3.311233380841600127e+00
1.662461828453798489e+02 3.044420222618790195e+00
1.664083742432777626e+02 8.830276305026259820e+00
1.665705656411756763e+02 2.190933428467400079e-01
1.667327570390736184e+02 2.527768708282979837e+00
1.668949484369715321e+02 1.079926052472099940e-01
1.670571398348694743e+02 5.294976867866269643e+00
1.672193312327674164e+02 1.067443275403590075e+00
1.673815226306653301e+02 2.350340159260869921e+00
1.675437140285632722e+02 1.461950331986870077e+00
1.677059054264612143e+02 2.476752988542939793e+00
1.678680968243591280e+02 1.188353630225462076e+01
1.680302882222570702e+02 1.343429057213340050e+00
1.681924796201550123e+02 1.091088535718540031e+00
1.683546710180529260e+02 4.189312413890399767e-01
1.685168624159508681e+02 2.381582421110730152e+00
1.686790538138488103e+02 6.784370483023730358e+00
1.688412452117467240e+02 4.630703823211179682e+00
1.690034366096446661e+02 3.820400946618099924e-01
1.691656280075426082e+02 9.570924137206899829e-01
1.693278194054405219e+02 3.956668960528999968e+00
1.694900108033384640e+02 6.796355082824999394e-02
1.696522022012364062e+02 5.920343235632500312e-01
1.698143935991343199e+02 8.217262242954399554e-01
1.699765849970322620e+02 9.330310252476859745e+00
1.701387763949301757e+02 7.861336900627700075e-01
1.703009677928280894e+02 1.755312225614509947e+00
1.704631591907260315e+02 5.164167797896499490e-01
1.706253505886239736e+02 6.580175850404399451e-01
1.707875419865219158e+02 2.976051764881599837e-01
1.709497333844198295e+02 5.875122582269299842e-01
1.711119247823177716e+02 1.251194848763399925e+00
1.712741161802157137e+02 1.036121651208349981e+00
1.714363075781136274e+02 9.622703484083519498e+00
1.715984989760115695e+02 5.681109292813469658e+00
1.717606903739095117e+02 4.500464677079760278e+00
1.719228817718074254e+02 3.074042890722250121e+00
1.720850731697053675e+02 8.930799022457399650e-01
1.722472645676033096e+02 4.104405203920600265e-01
1.724094559655012233e+02 3.317792333324720122e+00
1.725716473633991654e+02 1.106834796854300057e-01
1.727338387612971076e+02 1.405195711848999940e-01
1.728960301591950213e+02 9.197704528683560810e+00
1.730582215570929634e+02 2.236646218618339788e+00
1.732204129549909055e+02 6.744433816566000051e-01
1.733826043528888192e+02 5.655930122566500406e-01
1.735447957507867329e+02 4.477149656706599923e-01
1.737069871486846750e+02 1.514773955890829971e+00
1.738691785465825888e+02 3.268106845887449818e+00
1.740313699444805309e+02 1.915643162250499909e-01
1.741935613423784730e+02 7.741957416567469608e+00
1.743557527402763867e+02 2.033279619245659919e+00
1.745179441381743288e+02 6.058573260130260429e+00
1.746801355360722710e+02 3.074269507568109905e+00
1.748423269339701847e+02 1.998689405145900100e+00
1.750045183318681268e+02 1.244142910735170027e+00
1.751667097297660689e+02 1.368927119405850101e+00
1.753289011276639826e+02 4.717162614258999659e-02
1.754910925255619247e+02 1.004989967125750061e+00
1.756532839234598669e+02 4.726021388928799971e-01
1.758154753213577806e+02 7.220168353352499624e-01
1.759776667192557227e+02 6.244932098483999550e-01
1.761398581171536648e+02 2.702991570945239896e+00
1.763020495150515785e+02 4.463576938373080338e+00
1.764642409129495206e+02 2.766551178973479796e+00
1.766264323108474628e+02 3.579919088676569938e+00
1.767886237087453765e+02 3.179667278537000319e-02
1.769508151066433186e+02 7.934953187472910230e+00
1.771130065045412323e+02 5.754000592557999977e-02
1.772751979024391460e+02 2.729049354457880217e+00
1.774373893003370881e+02 2.200670562857390156e+00
1.775995806982350302e+02 2.260143558785419948e+00
1.777617720961329439e+02 5.063208708394729918e+00
1.779239634940308861e+02 4.824718023568319580e+00
1.780861548919288282e+02 2.645487539369789864e+00
1.782483462898267419e+02 5.811572323931129880e+00
1.784105376877246840e+02 7.652004036011219590e+00
1.785727290856226261e+02 7.094955221060800232e-01
1.787349204835205398e+02 8.136480251817239662e+00
1.788971118814184820e+02 6.704955327205599502e-01
1.790593032793164241e+02 2.974297741376700221e-01
1.792214946772143662e+02 1.854656036709299904e+00
1.793836860751122799e+02 5.961663009040799599e-01
1.795458774730102220e+02 5.492482420840399948e-01
1.797080688709081642e+02 4.374357663088299653e+00
1.798702602688060779e+02 1.879384168324969906e+00
1.800324516667040200e+02 3.214511856617000007e-02
1.801946430646019621e+02 1.850697393078069908e+00
1.803568344624998758e+02 2.930433960831070106e+00
1.805190258603978180e+02 2.113144603227599949e-01
1.806812172582957317e+02 5.957613878886969694e+00
1.808434086561936454e+02 1.045661163753569989e+00
1.810056000540915875e+02 2.200790421364169802e+00
1.811677914519895296e+02 4.105607763770949603e+00
1.813299828498874433e+02 7.091571548527699775e-01
1.814921742477853854e+02 1.030492316714199941e-01
1.816543656456833276e+02 1.726351895572149964e+00
1.818165570435812413e+02 7.008064949425300005e-01
1.819787484414791834e+02 3.680027714515100024e-01
1.821409398393771255e+02 1.329109516382640077e+00
1.823031312372750392e+02 1.381066812267760069e+00
1.824653226351729813e+02 9.040834958380099540e-01
1.826275140330709235e+02 2.652431959413160012e+00
1.827897054309688372e+02 1.687571134068359902e+00
1.829518968288667793e+02 1.448060996399749945e+00
1.831140882267647214e+02 5.397335657599329650e+00
1.832762796246626351e+02 1.209372892359369978e+01
1.834384710225605772e+02 1.493868048744459998e+00
1.836006624204585194e+02 4.284063549223589895e+00
1.837628538183564331e+02 3.749484295237549780e+00
1.839250452162543752e+02 1.323126416572240061e+00
1.840872366141523173e+02 5.175028649839400474e-01
1.842494280120502310e+02 7.527197524658300054e-01
1.844116194099481447e+02 2.240117956773310048e+00
1.845738108078460868e+02 3.710173603620099958e-01
1.847360022057440005e+02 4.239251555383609649e+00
1.848981936036419427e+02 1.731118096924189942e+00
1.850603850015398848e+02 8.876334424812000190e-01
1.852225763994377985e+02 2.377934380104420153e+00
1.853847677973357406e+02 3.948332386086200185e-01
1.855469591952336827e+02 1.316366761586299949e+00
1.857091505931315965e+02 1.191699622447889961e+00
1.858713419910295386e+02 1.129179773994599956e-01
1.860335333889274807e+02 2.937025042170390066e+00
1.861957247868253944e+02 1.125327182981000096e+00
1.863579161847233365e+02 2.900502857208630214e+00
1.865201075826212787e+02 2.468310569415459899e+00
1.866822989805191924e+02 2.597175280159900179e-01
1.868444903784171345e+02 1.080177057211700042e-01
1.870066817763150766e+02 2.697139733367500125e-01
1.871688731742129903e+02 5.248863319075580236e+00
1.873310645721109324e+02 1.120947513098820014e+00
1.874932559700088746e+02 4.110483918712570350e+00
1.876554473679067883e+02 6.942468817564699801e-01
1.878176387658047304e+02 1.903345005948599900e+00
1.879798301637026441e+02 9.797502127237099900e-01
1.881420215616005862e+02 2.463251998075159932e+00
1.883042129594984999e+02 1.879019075488620016e+00
1.884664043573964420e+02 2.946117391616400183e-01
1.886285957552943842e+02 7.562499405439569777e+00
1.887907871531922979e+02 2.244184921282558065e+01
1.889529785510902400e+02 8.530454084746830645e+00
1.891151699489881821e+02 2.360713361483119943e+00
1.892773613468860958e+02 1.376775530746499887e-01
1.894395527447840379e+02 1.170006009803661939e+01
1.896017441426819801e+02 1.058872970452519935e+00
1.897639355405798938e+02 1.339113401562409988e+00
1.899261269384778359e+02 3.419068920744299800e-01
1.900883183363757780e+02 6.983186952592299601e-01
1.902505097342736917e+02 6.945856032003999703e-01
1.904127011321716338e+02 8.757027783967329171e+00
1.905748925300695760e+02 1.304467571925630009e+00
1.907370839279674897e+02 1.179248326100140076e+00
1.908992753258654318e+02 7.799488394046000250e-02
1.910614667237633739e+02 2.226014405838080190e+00
1.912236581216612876e+02 2.381371792808699983e-01
1.913858495195592297e+02 1.211737033762350091e+00
1.915480409174571435e+02 5.853834267643869715e+00
1.917102323153550572e+02 2.137653354758700108e-01
1.918724237132529993e+02 2.470758542727140128e+00
1.920346151111509414e+02 1.919848239552419900e+00
1.921968065090488551e+02 1.371469569382499920e-01
1.923589979069467972e+02 2.299881088401470208e+00
1.925211893048447394e+02 4.011722373123840057e+00
1.926833807027426531e+02 1.015286110453700041e-01
1.928455721006405952e+02 9.649557036442899527e-01
1.930077634985385373e+02 1.131178821340870000e+00
1.931699548964364510e+02 1.101003415265819907e+00
1.933321462943343931e+02 4.501366312232740086e+00
1.934943376922323353e+02 3.399074745456789781e+00
1.936565290901302490e+02 1.649884988943550068e+00
1.938187204880281911e+02 3.144706447456960152e+00
1.939809118859261332e+02 1.973108311796369918e+00
1.941431032838240469e+02 4.008737376785860285e+00
1.943052946817219890e+02 6.015659035059999632e-03
1.944674860796199312e+02 2.428845312129340073e+00
1.946296774775178449e+02 4.970909574392149644e+00
1.947918688754157870e+02 5.697940024690499872e-01
1.949540602733137291e+02 1.477480935937599993e+00
1.951162516712116144e+02 5.884986687732000066e-01
1.952784430691095565e+02 2.159830861254400103e-01
1.954406344670074986e+02 7.925916403119600551e-01
1.956028258649054123e+02 5.823566356856519910e+00
1.957650172628033545e+02 1.193458975172100034e-01
1.959272086607012966e+02 9.343074247602389804e+00
1.960894000585992103e+02 1.739765233485099927e+00
1.962515914564971524e+02 1.159693005216620110e+00
1.964137828543950945e+02 2.453103145755239911e+00
1.965759742522930082e+02 1.418647440490969913e+00
1.967381656501909504e+02 3.275171689728459956e+00
1.969003570480888925e+02 1.451907767948648065e+01
1.970625484459868346e+02 7.555376279396639916e+00
1.972247398438847483e+02 1.054582119271689988e+00
1.973869312417826904e+02 4.281358735166099772e-01
1.975491226396806326e+02 8.927078991725200252e-01
1.977113140375785463e+02 6.001360924688579956e+00
1.978735054354764884e+02 4.158077206649199997e-01
1.980356968333744305e+02 6.007857041507600471e-01
1.981978882312723442e+02 7.113136131416799568e-01
1.983600796291702864e+02 2.777579754796709821e+00
1.985222710270682001e+02 6.282024199276650123e+00
1.986844624249661138e+02 2.544358701567199788e-01
1.988466538228640559e+02 4.705620782002870151e+00
1.990088452207619980e+02 2.087588828756600012e+00
1.991710366186599117e+02 2.075490382528500100e-01
1.993332280165578538e+02 1.111949103183279997e+00
1.994954194144557960e+02 1.009950338161559991e+00
1.996576108123537097e+02 5.296634602640359901e+00
1.998198022102516518e+02 1.839388713383790064e+00
1.999819936081495939e+02 4.666645305422300050e-01
2.001441850060475076e+02 7.794417834587400451e-01
2.003063764039454497e+02 1.399432634307580026e+00
2.004685678018433919e+02 9.727621555231800166e-01
2.006307591997413056e+02 8.546210611312060834e+00
2.007929505976392477e+02 8.765659060159499694e-01
2.009551419955371898e+02 3.076895729637599830e-01
2.011173333934351035e+02 4.733818137635309675e+00
2.012795247913330456e+02 7.235242250905069561e+00
2.014417161892309878e+02 6.127924395939520430e+00
2.016039075871289015e+02 4.729142494879299830e-01
2.017660989850268436e+02 3.356187265243430140e+00
2.019282903829247857e+02 7.995457524655900095e-01
2.020904817808226994e+02 7.649871144954499824e-01
2.022526731787206131e+02 2.258481484309229792e+00
2.024148645766185552e+02 1.142297260037820061e+00
2.025770559745164690e+02 7.096375359297029561e+00
2.027392473724144111e+02 1.573596820080420011e+00
2.029014387703123532e+02 9.118111572757999772e-01
2.030636301682102669e+02 1.841949403858160084e+00
2.032258215661082090e+02 2.863716250023580212e+00
2.033880129640061512e+02 9.726297399316600201e-01
2.035502043619040649e+02 1.165452637966900018e-01
2.037123957598020070e+02 6.672091939535279792e+00
2.038745871576999491e+02 4.007954403220420403e+00
2.040367785555978628e+02 2.600139300478000043e-02
2.041989699534958049e+02 2.446333386884170125e+00
2.043611613513937471e+02 1.477928426098700010e+00
2.045233527492916608e+02 3.263405316150429947e+00
2.046855441471896029e+02 8.537692600804800414e-01
2.048477355450875450e+02 4.270540339095280302e+00
2.050099269429854587e+02 3.782217802568499931e-01
2.051721183408834008e+02 7.703858571802440380e+00
2.053343097387813430e+02 2.816874337494930103e+00
2.054965011366792851e+02 1.953570062416349895e+00
2.056586925345771988e+02 7.969794907530299843e-01
2.058208839324751125e+02 9.015325159811600209e-01
2.059830753303730546e+02 2.127875143203589836e+00
2.061452667282709683e+02 6.829256362885540277e+00
2.063074581261689104e+02 2.725119620440279888e+00
2.064696495240668526e+02 2.829122390294810163e+00
2.066318409219647663e+02 4.310730740635410285e+00
2.067940323198627084e+02 4.537998306506599633e+00
2.069562237177606505e+02 6.123388392452000506e-01
2.071184151156585642e+02 1.182894862302828010e+01
2.072806065135565063e+02 3.839365183937399895e-01
2.074427979114544485e+02 4.441479127315799968e-01
2.076049893093523622e+02 1.056431574478639890e+00
2.077671807072503043e+02 5.291018383259450175e+00
2.079293721051482464e+02 1.295103604967769995e+00
2.080915635030461601e+02 5.887926150026600025e-01
2.082537549009441022e+02 3.565091320913989836e+00
2.084159462988420444e+02 1.376764411260499865e-01
2.085781376967399581e+02 4.947028284796399777e-01
2.087403290946379002e+02 4.079119186355820048e+00
2.089025204925358423e+02 2.629170003067680117e+00
2.090647118904337560e+02 1.418312589298660109e+00
2.092269032883316981e+02 2.803483285963500049e-01
2.093890946862296119e+02 3.917637150808289892e+00
2.095512860841275256e+02 3.326202411476439913e+00
2.097134774820254677e+02 3.574232774124700196e+00
2.098756688799234098e+02 2.298744045870700081e-01
2.100378602778213235e+02 1.556295867145049971e+00
2.102000516757192656e+02 1.034950042667300008e-01
2.103622430736172078e+02 5.019692484513599950e+00
2.105244344715151215e+02 2.173468331503090045e+00
2.106866258694130636e+02 2.126294300820299910e+00
2.108488172673110057e+02 1.946565491194099939e-01
2.110110086652089194e+02 4.628897113961100152e-01
2.111732000631068615e+02 1.537580052356279925e+00
2.113353914610048037e+02 3.160007260668860063e+00
2.114975828589027174e+02 5.156073048323900343e-01
2.116597742568006595e+02 5.073553975373700231e-01
2.118219656546986016e+02 1.978304516174369976e+00
2.119841570525965153e+02 3.700141016976499775e-01
2.121463484504944574e+02 1.933643942855330033e+00
2.123085398483923996e+02 1.558539424354109970e+00
2.124707312462903133e+02 2.680443919390699814e-01
2.126329226441882554e+02 9.979043584963999403e-02
2.127951140420861975e+02 2.990294128885389924e+00
2.129573054399841112e+02 3.995166958924960099e+00
2.131194968378820249e+02 2.962142871666840094e+00
2.132816882357799670e+02 2.202913278810919806e+00
2.134438796336778807e+02 8.204423015787950746e+00
2.136060710315758229e+02 2.945482941683259970e+00
2.137682624294737650e+02 3.568033727643499797e-01
2.139304538273716787e+02 2.868267345762100184e+00
2.140926452252696208e+02 1.033992025689243022e+01
2.142548366231675629e+02 1.752667772639900090e-01
2.144170280210655051e+02 3.888870229787180222e+00
2.145792194189634188e+02 3.814333021788100186e+00
2.147414108168613609e+02 3.372499180640899930e-01
2.149036022147593030e+02 1.099998395035310050e+00
2.150657936126572167e+02 2.289688224226429814e+00
2.152279850105551589e+02 7.278423190179099667e-01
2.153901764084531010e+02 6.247777358353999722e-01
2.155523678063510147e+02 3.396057633933069919e+00
2.157145592042489568e+02 3.042765362092219927e+00
2.158767506021468989e+02 2.967132736409329841e+00
2.160389420000448126e+02 3.717250191398799863e-01
2.162011333979427548e+02 2.589125735267880035e+00
2.163633247958406969e+02 6.888214911604000068e-02
2.165255161937385822e+02 3.315611751499800142e-01
2.166877075916365243e+02 4.386899972564189731e+00
2.168498989895344664e+02 3.559397258348599991e-01
2.170120903874323801e+02 4.747374928679089834e+00
2.171742817853303222e+02 5.095512940464839602e+00
2.173364731832282644e+02 2.977493892027539779e+00
2.174986645811261781e+02 1.803254851817079896e+00
2.176608559790241202e+02 3.492542296679559843e+00
2.178230473769220623e+02 6.849278599729879957e+00
2.179852387748199760e+02 9.682529133555499712e-01
2.181474301727179181e+02 8.085241240748599623e-01
2.183096215706158603e+02 1.487638705709819931e+00
2.184718129685137740e+02 1.136325103283809979e+00
2.186340043664117161e+02 1.670588910458359999e+00
2.187961957643096582e+02 3.939958263545800143e+00
2.189583871622075719e+02 1.156293557537400041e+00
2.191205785601055140e+02 2.971723732078289881e+00
2.192827699580034562e+02 1.824741427225800017e+00
2.194449613559013699e+02 9.327305088681509204e+00
2.196071527537993120e+02 2.006840906171320160e+00
2.197693441516972541e+02 6.603272881284699691e-01
2.199315355495951678e+02 1.388765366199540052e+00
2.200937269474930815e+02 1.107022242557520997e+01
2.202559183453910236e+02 1.313830198618959999e+00
2.204181097432889374e+02 2.259218792078379945e+00
2.205803011411868795e+02 8.207853217017999636e-01
2.207424925390848216e+02 7.365358387951700392e-01
2.209046839369827353e+02 1.789464351274040022e+00
2.210668753348806774e+02 1.293807711945659911e+00
2.212290667327786196e+02 4.433709583645960350e+00
2.213912581306765333e+02 3.384827557691819866e+00
2.215534495285744754e+02 3.876144513879000164e-01
2.217156409264724175e+02 8.124339278025599631e-01
2.218778323243703312e+02 1.206730785483040025e+00
2.220400237222682733e+02 2.204283749898949818e+00
2.222022151201662155e+02 8.088803534834799747e-01
2.223644065180641292e+02 1.396531861691040044e+00
2.225265979159620713e+02 1.910145987300549963e+00
2.226887893138600134e+02 7.699313498486499707e-01
2.228509807117579271e+02 1.095923886503010092e+00
2.230131721096558692e+02 1.465645925237490044e+00
2.231753635075538114e+02 2.052090982136740127e+00
2.233375549054517535e+02 4.127022023563199582e+00
2.234997463033496672e+02 1.375289605890999967e-01
2.236619377012475809e+02 6.592305063192029912e+00
2.238241290991455230e+02 5.402716849201829596e+00
2.239863204970434367e+02 2.176918204722079864e+00
2.241485118949413788e+02 2.633304138887389900e+00
2.243107032928393210e+02 4.226519412351270155e+00
2.244728946907372347e+02 3.129065178132899860e-01
2.246350860886351768e+02 3.011432065527570145e+00
2.247972774865331189e+02 5.502266780206070074e+00
2.249594688844310326e+02 5.619511598869000313e-01
2.251216602823289747e+02 7.995284636636800224e-01
2.252838516802269169e+02 9.290964907877999335e-02
2.254460430781248306e+02 3.199851773967839819e+00
2.256082344760227727e+02 2.785446652096620124e+00
2.257704258739207148e+02 8.617754924713899589e-01
2.259326172718186285e+02 2.469346736311969881e+00
2.260948086697165706e+02 7.122782916212799798e-01
2.262570000676145128e+02 2.646387869061519904e+00
2.264191914655124265e+02 2.952791058472770125e+00
2.265813828634103686e+02 6.880337974645800436e-01
2.267435742613083107e+02 9.483507383453599893e-01
2.269057656592062244e+02 2.774336404938869904e+00
2.270679570571041666e+02 1.265165752710559977e+00
2.272301484550020803e+02 5.904375504149579790e+00
2.273923398528999940e+02 3.189956964329979883e+00
2.275545312507979361e+02 3.275381741065099828e-01
2.277167226486958782e+02 1.847554188562370081e+00
2.278789140465937919e+02 1.935045686329039949e+00
2.280411054444917340e+02 3.530207330216979855e+00
2.282032968423896762e+02 4.070377259394900027e-01
2.283654882402875899e+02 4.740715922524840309e+00
2.285276796381855320e+02 1.738093189952889972e+00
2.286898710360834741e+02 3.682000624708099967e-01
2.288520624339813878e+02 2.774769125682579940e+00
2.290142538318793299e+02 5.141031577881220116e+00
2.291764452297772721e+02 6.179378475925200176e-01
2.293386366276751858e+02 2.991856724301220183e+00
2.295008280255731279e+02 3.545880533726089912e+00
2.296630194234710700e+02 3.692758073895899829e-01
2.298252108213689837e+02 4.902505763407369876e+00
2.299874022192669258e+02 5.719493714043149879e+00
2.301495936171648680e+02 8.110737776380999575e-02
2.303117850150627817e+02 1.520208102690320029e+00
2.304739764129607238e+02 3.018142465233939920e+00
2.306361678108586659e+02 1.198532480246859988e+00
2.307983592087565796e+02 1.452386642502790037e+00
2.309605506066544933e+02 2.684522206657860011e+00
2.311227420045524354e+02 7.587116195418299736e-01
2.312849334024503491e+02 1.561037014779609988e+00
2.314471248003482913e+02 3.082831039428850062e+00
2.316093161982462334e+02 7.512939006560239719e+00
2.317715075961441755e+02 6.800892357022000345e-01
2.319336989940420892e+02 3.250357539664070039e+00
2.320958903919400313e+02 1.338736419753919993e+00
2.322580817898379735e+02 1.139118779006480064e+00
2.324202731877358872e+02 7.304500742387629586e+00
2.325824645856338293e+02 3.136250242537180100e+00
2.327446559835317714e+02 7.406697790769799505e-01
2.329068473814296851e+02 1.052177502593770075e+00
2.330690387793276273e+02 6.288376373086680182e+00
2.332312301772255694e+02 2.928648586198260073e+00
2.333934215751234831e+02 2.367536520503689790e+00
2.335556129730214252e+02 2.559943459876989902e+00
2.337178043709193673e+02 7.986116463221690331e+00
2.338799957688172810e+02 4.627774479931630047e+00
2.340421871667152232e+02 3.694441380165700006e-01
2.342043785646131653e+02 2.090940064759049921e+00
2.343665699625110790e+02 9.961825468118900018e-01
2.345287613604089927e+02 8.878102075193359255e+00
2.346909527583069348e+02 4.600582400688590035e+00
2.348531441562048485e+02 1.626331256698641070e+01
2.350153355541027906e+02 1.436621705007629979e+00
2.351775269520007328e+02 1.038258765609110013e+00
2.353397183498986465e+02 7.745727148681299523e-01
2.355019097477965886e+02 6.517101510706519996e+00
2.356641011456945307e+02 3.967192566880529903e+00
2.358262925435924444e+02 2.851182934456189866e+00
2.359884839414903865e+02 1.033899072226611082e+01
2.361506753393883287e+02 3.048994931991150015e+00
2.363128667372862424e+02 2.712003382904379922e+00
2.364750581351841845e+02 8.915999862638700479e-01
2.366372495330821266e+02 4.395303852649100063e-01
2.367994409309800403e+02 6.506348603717319712e+00
2.369616323288779824e+02 1.107685393988369960e+00
2.371238237267759246e+02 2.500701118161159808e+00
2.372860151246738383e+02 8.011231014300369324e+00
2.374482065225717804e+02 1.055428330045969920e+00
2.376103979204697225e+02 2.705016244355309851e+00
2.377725893183676362e+02 2.097664748241300003e+00
2.379347807162655783e+02 9.266078896649000418e-01
2.380969721141634921e+02 6.058746502239600318e-01
2.382591635120614058e+02 4.227395471511890435e+00
2.384213549099593479e+02 6.231068999313490231e+00
2.385835463078572900e+02 3.157893685402620054e+00
2.387457377057552037e+02 9.168989738769000031e-01
2.389079291036531458e+02 1.527157983222849902e+00
2.390701205015510880e+02 4.204424097336990407e+00
2.392323118994490017e+02 1.518951244226300012e+00
2.393945032973469438e+02 2.058444160374880205e+00
2.395566946952448859e+02 1.215422240933990095e+00
2.397188860931427996e+02 6.304984350773479740e+00
2.398810774910407417e+02 9.853873725135200434e-01
2.400432688889386839e+02 2.950847133270869893e+00
2.402054602868365976e+02 5.615481049909080369e+00
2.403676516847345397e+02 4.809053204253560310e+00
2.405298430826324818e+02 1.616703552076429906e+00
2.406920344805304239e+02 1.235448016204069965e+01
2.408542258784283376e+02 1.156327273112639942e+00
2.410164172763262798e+02 6.289098953770169587e+00
2.411786086742242219e+02 4.090677729849650390e+00
2.413408000721221356e+02 8.769330455394900303e-01
2.415029914700200493e+02 5.270055902341810317e+00
2.416651828679179914e+02 9.091793410571870737e+00
2.418273742658159051e+02 2.581254948711530162e+00
2.419895656637138472e+02 3.190598673286119791e+00
2.421517570616117894e+02 5.322720718163499454e-01
2.423139484595097031e+02 2.905210027046710053e+00
2.424761398574076452e+02 4.554994547207919631e+00
2.426383312553055873e+02 1.711838827774160077e+00
2.428005226532035010e+02 1.933058889248810086e+00
2.429627140511014431e+02 3.366066255522300210e+00
2.431249054489993853e+02 6.083651224035799832e-01
2.432870968468972990e+02 5.574083484804409849e+00
2.434492882447952411e+02 1.293078305729129962e+00
2.436114796426931832e+02 4.573995589828630415e+00
2.437736710405910969e+02 2.292268122260099905e-01
2.439358624384890391e+02 2.360117751694870147e+00
2.440980538363869812e+02 6.498627700764999515e-01
2.442602452342849233e+02 4.866376956928999964e-02
2.444224366321828370e+02 4.193385862785399820e-01
2.445846280300807507e+02 1.199898941049859946e+00
2.447468194279787213e+02 4.223848358202200171e-01
2.449090108258766350e+02 5.529000144934600458e-01
2.450712022237745487e+02 7.019776736973489584e+00
2.452333936216724908e+02 7.195715551532300136e-01
2.453955850195704045e+02 9.929252805035300167e-01
2.455577764174683182e+02 6.893150784927399854e-01
2.457199678153662887e+02 1.018615050621159979e+00
2.458821592132642024e+02 2.501431689428399996e-01
2.460443506111621161e+02 5.165581507983000309e-01
2.462065420090600867e+02 1.199478813874900046e-01
2.463687334069580004e+02 2.163792220268990096e+00
2.465309248048559141e+02 1.537762018766059890e+00
2.466931162027538846e+02 6.100885162380399462e-01
2.468553076006517983e+02 7.108768957460919857e+00
2.470174989985497120e+02 1.241258511794159913e+00
2.471796903964476826e+02 2.497094122310219877e+00
2.473418817943455963e+02 2.362983754162890193e+00
2.475040731922435100e+02 1.698714361727499955e-01
2.476662645901414805e+02 2.905567684370060189e+00
2.478284559880393942e+02 3.491042605600999660e-02
2.479906473859373079e+02 3.486051626183510166e+00
2.481528387838352785e+02 3.082633763404929894e+00
2.483150301817331922e+02 3.039728302418129857e+00
2.484772215796311059e+02 2.313322711071000015e-01
2.486394129775290480e+02 1.006468900711240977e+01
2.488016043754269617e+02 2.475347704177570218e+00
2.489637957733248754e+02 3.618495554572529915e+00
2.491259871712228460e+02 8.903960815228799675e-01
2.492881785691207597e+02 2.721872116053559942e+00
2.494503699670186734e+02 4.733760636252630327e+00
2.496125613649166439e+02 5.614849459232600370e-01
2.497747527628145576e+02 1.119100720870999988e+00
2.499369441607124713e+02 1.924983019684000166e-02
2.500991355586104419e+02 1.057370164736100016e-01
2.502613269565083556e+02 1.581390128518020077e+00
2.504235183544062693e+02 1.486523347718000064e-02
2.505857097523042398e+02 8.707241297336899555e-01
2.507479011502021535e+02 1.945521053379339893e+00
2.509100925481000672e+02 1.709417433860229929e+00
2.510722839459980378e+02 6.160614134088799876e-01
2.512344753438959515e+02 2.628440094725100207e-01
2.513966667417938652e+02 5.720386653234400542e-01
2.515588581396918357e+02 1.213342374925979961e+00
2.517210495375897494e+02 2.659851084573289892e+00
2.518832409354876631e+02 2.102395436270899920e-01
2.520454323333856337e+02 1.769727091880000103e-01
2.522076237312835474e+02 6.687626060786000526e-01
2.523698151291814611e+02 1.923215262952320037e+00
2.525320065270794032e+02 1.569105690477470061e+00
2.526941979249773169e+02 8.052646062143700156e-01
2.528563893228752306e+02 1.939099065562950086e+00
2.530185807207732012e+02 1.923782681589909949e+00
2.531807721186711149e+02 2.817400618642840193e+00
2.533429635165690286e+02 8.500319601007000347e-02
2.535051549144669991e+02 1.181751632904050053e+00
2.536673463123649128e+02 1.745324464803490017e+00
2.538295377102628834e+02 2.410961781678900018e-01
2.539917291081607971e+02 6.615724542568000022e-01
2.541539205060587108e+02 2.947506177280970086e+00
2.543161119039566813e+02 4.608476283778839999e+00
2.544783033018545950e+02 3.163106768955159964e+00
2.546404946997525087e+02 3.327158168811879868e+00
2.548026860976504793e+02 2.318537814026009780e+00
2.549648774955483930e+02 5.181458918226800048e-01
2.551270688934463067e+02 3.543350784857259850e+00
2.552892602913442772e+02 3.824993795211220071e+00
2.554514516892421909e+02 1.269377020128399924e-01
2.556136430871401046e+02 2.230261262420299984e-01
2.557758344850380468e+02 2.887612105630660064e+00
2.559380258829359605e+02 7.896591448303099670e-01
2.561002172808338742e+02 1.124172705969660013e+00
2.562624086787318447e+02 8.324774977526340436e+00
2.564246000766297584e+02 7.986606498759000194e-01
2.565867914745276721e+02 7.764680934367270027e+00
2.567489828724256427e+02 3.767661132094600185e-01
2.569111742703235564e+02 5.667752191619229940e+00
2.570733656682214701e+02 5.360965947378999452e-01
2.572355570661194406e+02 9.558373337300900552e-01
2.573977484640173543e+02 5.370064670916059768e+00
2.575599398619152680e+02 4.170939770285870374e+00
2.577221312598132386e+02 3.199806853155400255e-01
2.578843226577111523e+02 1.099441794949640006e+00
2.580465140556090660e+02 4.139011365574200019e-01
2.582087054535070365e+02 2.986353868126240041e+00
2.583708968514049502e+02 2.589498429716809991e+00
2.585330882493028639e+02 7.205516322902499882e-01
2.586952796472008345e+02 4.651525172531870034e+00
2.588574710450987482e+02 4.269514421578260333e+00
2.590196624429966619e+02 2.211702096720299937e-01
2.591818538408946324e+02 3.144840656679269930e+00
2.593440452387925461e+02 2.587452397313549923e+00
2.595062366366904598e+02 5.451834311397499855e-01
2.596684280345884304e+02 8.945551881852099596e-01
2.598306194324863441e+02 1.306289202577139985e+00
2.599928108303842578e+02 1.459788553174869996e+00
2.601550022282822283e+02 1.314516707869739953e+00
2.603171936261801420e+02 5.027843866947699913e-01
2.604793850240780557e+02 2.583850334308800178e+00
2.606415764219760263e+02 1.816829765711799882e-01
2.608037678198739400e+02 3.785922514066299982e-01
2.609659592177718537e+02 2.316579351185300006e-01
2.611281506156697674e+02 7.055050145749410362e+00
2.612903420135676811e+02 1.928049219545999865e-02
2.614525334114655948e+02 1.539907304463790094e+00
2.616147248093635653e+02 2.721507173144659841e+00
2.617769162072614790e+02 1.608113146303000063e+00
2.619391076051593927e+02 1.237711144405110097e+00
2.621012990030573633e+02 3.064866460048630170e+00
2.622634904009552770e+02 5.685249710988699690e+00
2.624256817988531907e+02 9.643113542770800350e-01
2.625878731967511612e+02 9.796679800043280650e+00
2.627500645946490749e+02 8.244754417039780847e+00
2.629122559925469886e+02 1.523028992709779983e+00
2.630744473904449592e+02 4.167866913061499812e-01
2.632366387883428729e+02 8.149779372272999978e-02
2.633988301862407866e+02 2.199903337966079953e+00
2.635610215841387571e+02 6.218115147109299912e-01
2.637232129820366708e+02 6.190022661498899570e-01
2.638854043799345845e+02 5.287795255933639638e+00
2.640475957778325551e+02 7.409954878651300314e-01
2.642097871757304688e+02 3.125086643482410054e+00
2.643719785736283825e+02 3.799132652901600071e-01
2.645341699715263530e+02 1.820298645555179951e+00
2.646963613694242667e+02 1.530848218079380096e+00
2.648585527673221804e+02 8.377178769219399967e-01
2.650207441652201510e+02 1.097343801868800039e-01
2.651829355631180647e+02 3.211601936081499797e+00
2.653451269610159784e+02 3.373381066275969786e+00
2.655073183589139489e+02 6.109489187280609634e+00
2.656695097568118626e+02 7.519398613916900009e-01
2.658317011547097763e+02 6.811294504776600478e-01
2.659938925526077469e+02 7.012738462491600044e-01
2.661560839505056606e+02 6.918604086120799801e-01
2.663182753484035743e+02 9.963720706565899476e-01
2.664804667463015448e+02 8.033545871446400310e-01
2.666426581441994585e+02 2.607149245762970136e+00
2.668048495420973723e+02 1.782707671920110037e+00
2.669670409399953428e+02 1.030703752259121053e+01
2.671292323378932565e+02 2.027665675231720144e+00
2.672914237357911702e+02 3.601855893024129784e+00
2.674536151336891407e+02 2.386182570768080158e+00
2.676158065315870545e+02 3.218563645168829979e+00
2.677779979294849682e+02 2.161310467597250096e+00
2.679401893273829387e+02 7.822323871214099666e-01
2.681023807252808524e+02 4.199608320446239773e+00
2.682645721231787661e+02 2.758821150178230042e+00
2.684267635210766798e+02 7.140367036353200136e-01
2.685889549189745935e+02 1.351344285269389989e+00
2.687511463168725072e+02 2.301319174697200043e-01
2.689133377147704778e+02 1.488532560758820011e+00
2.690755291126683915e+02 3.538652537763880002e+00
2.692377205105663052e+02 2.764947667677680077e+00
2.693999119084642757e+02 4.888078853457900053e-01
2.695621033063621894e+02 3.072534047529010159e+00
2.697242947042601031e+02 1.079025581231130015e+00
2.698864861021580737e+02 1.234312789603490002e+00
2.700486775000559874e+02 1.328437676277929969e+00
2.702108688979539011e+02 1.333312854005229919e+00
2.703730602958518716e+02 9.274698863626000545e-02
2.705352516937497853e+02 4.233328720386900224e-01
2.706974430916476990e+02 3.974179226225059924e+00
2.708596344895456696e+02 1.651160805068240034e+00
2.710218258874435833e+02 7.508101421502090034e+00
2.711840172853415538e+02 8.492212240891200414e-01
2.713462086832394675e+02 3.109412285074599769e-01
2.715084000811373812e+02 1.761676954070000084e-03
2.716705914790353518e+02 4.358934292133099797e-01
2.718327828769332655e+02 2.023395436392689817e+00
2.719949742748311792e+02 1.589087296667510030e+00
2.721571656727291497e+02 7.870157083900399808e-01
2.723193570706270634e+02 1.447580370081209988e+00
2.724815484685249771e+02 1.834366201284499898e+00
2.726437398664229477e+02 1.973120503111390089e+00
2.728059312643208614e+02 5.943090156331740204e+00
2.729681226622187751e+02 2.866190433429570028e+00
2.731303140601167456e+02 3.904894320188859957e+00
2.732925054580146593e+02 1.532380609901000043e-02
2.734546968559125730e+02 1.280162762828150003e+00
2.736168882538105436e+02 6.908163439502600367e-01
2.737790796517084573e+02 6.310490472398599948e-01
2.739412710496063710e+02 1.417352484854799977e-01
2.741034624475043415e+02 7.617209541985100474e-01
2.742656538454022552e+02 1.181286762014600034e-01
2.744278452433001689e+02 7.382576063894929597e+00
2.745900366411981395e+02 6.339239413706610371e+00
2.747522280390960532e+02 2.841191347536020206e+00
2.749144194369939669e+02 5.044346392879800467e-01
2.750766108348919374e+02 9.256434272672200425e-01
2.752388022327898511e+02 2.964137010890529833e+00
2.754009936306877648e+02 3.125798340343170167e+00
2.755631850285856785e+02 1.518891334392219905e+00
2.757253764264835922e+02 4.942182064562399835e-01
2.758875678243815059e+02 2.386662587190179874e+00
2.760497592222794765e+02 6.105754168694829787e+00
2.762119506201773902e+02 1.416984529405000137e-01
2.763741420180753039e+02 1.780346342541599958e+00
2.765363334159732744e+02 1.046586910152900035e-01
2.766985248138711881e+02 2.985969456955780199e+00
2.768607162117691018e+02 1.801415075460499893e-01
2.770229076096670724e+02 6.027662111971610059e+00
2.771850990075649861e+02 1.368231988566990021e+00
2.773472904054628998e+02 1.269056495121650086e+00
2.775094818033608703e+02 5.638149630594670114e+00
2.776716732012587840e+02 2.590663657915150075e+00
2.778338645991566978e+02 1.378084396158409941e+00
2.779960559970546683e+02 7.073775522718039888e+00
2.781582473949525820e+02 1.988902709685699932e+00
2.783204387928504957e+02 5.591869554961399480e-01
2.784826301907484662e+02 1.762691729395889917e+00
2.786448215886463800e+02 1.398153449375320045e+00
2.788070129865442937e+02 3.611224736785560108e+00
2.789692043844422642e+02 8.379283059999999284e-03
2.791313957823401779e+02 5.558354135912699778e-01
2.792935871802380916e+02 7.001988480527960412e+00
2.794557785781360622e+02 7.588089030151669689e+00
2.796179699760339759e+02 1.917170469426539903e+00
2.797801613739318896e+02 3.272385424876679938e+00
2.799423527718298601e+02 7.593751957682000342e-02
2.801045441697277738e+02 3.409234193816769842e+00
2.802667355676256875e+02 1.686393966762889995e+00
2.804289269655236581e+02 4.488603874552549833e+00
2.805911183634215718e+02 1.791823294560159985e+00
2.807533097613194855e+02 7.074338199374359704e+00
2.809155011592174560e+02 3.004887576647880199e+00
2.810776925571153697e+02 2.705388266698740107e+00
2.812398839550132834e+02 3.364683573703449948e+00
2.814020753529112540e+02 4.107140681046989705e+00
2.815642667508091677e+02 5.229926720699020315e+00
2.817264581487070814e+02 4.163432854544660167e+00
2.818886495466050519e+02 2.414111741464710192e+00
2.820508409445029656e+02 6.775261831372629828e+00
2.822130323424008793e+02 3.768569157456130192e+00
2.823752237402988499e+02 8.556394584722899488e-01
2.825374151381967636e+02 7.066085329900400058e-01
2.826996065360946773e+02 2.539652654460049952e+00
2.828617979339925910e+02 2.223416539377600198e+00
2.830239893318905047e+02 4.943538472158799935e-01
2.831861807297884184e+02 6.775803608557730229e+00
